Data/Lavangsdalen_data/tbfclip.asc
ncols        543
nrows        311
xllcorner    663841.000000000000
yllcorner    7712246.000000000000
cellsize     5.000000000000
[rows 133 to 151 of 311, columns 258 to 300 of 543]
336.39862060546875 332.795623779296875 329.663970947265625 326.669708251953125 324.063812255859375 321.637725830078125 319.225189208984375 317.531463623046875 314.86004638671875 312.392547607421875 310.214752197265625 308.299224853515625 306.422149658203125 304.418548583984375 302.518157958984375 299.987518310546875 297.469024658203125 295.015869140625 292.7926025390625 290.513916015625 288.40484619140625 286.418670654296875 284.335906982421875 282.5516357421875 280.163421630859375 278.020751953125 275.67291259765625 272.0029296875 269.445709228515625 267.061065673828125 266.0816650390625 265.7332763671875 263.7799072265625 261.36419677734375 258.78729248046875 256.6632080078125 251.739288330078125 246.0539703369140625 242.393341064453125 239.8475341796875 237.4985198974609375 234.95233154296875 232.385040283203125
337.790069580078125 333.51910400390625 331.065216064453125 328.474456787109375 325.8016357421875 323.52947998046875 321.295074462890625 318.939361572265625 316.76556396484375 314.543060302734375 312.31353759765625 310.03955078125 308.1573486328125 305.79437255859375 303.33172607421875 300.699920654296875 298.084991455078125 295.30072021484375 293.2034912109375 291.4437255859375 289.8974609375 288.063232421875 285.599395751953125 283.231414794921875 280.609588623046875 277.489471435546875 274.18218994140625 272.578582763671875 271.9171142578125 270.51275634765625 268.65576171875 266.520721435546875 264.289215087890625 262.159515380859375 260.424713134765625 258.932403564453125 255.222900390625 247.7545318603515625 243.6017303466796875 241.3438873291015625 238.850616455078125 236.5326080322265625 234.1560821533203125
338.380523681640625 334.07684326171875 331.810882568359375 329.48175048828125 326.965728759765625 325.07525634765625 322.79071044921875 320.457183837890625 318.17822265625 316.073455810546875 313.402099609375 310.612548828125 308.180755615234375 305.733154296875 303.045379638671875 300.7530517578125 298.968505859375 297.00634765625 295.20550537109375 293.1524658203125 290.6026611328125 287.7364501953125 284.377532958984375 280.8641357421875 278.800079345703125 277.541839599609375 276.46630859375 275.724884033203125 273.707672119140625 271.638519287109375 269.27923583984375 267.112213134765625 265.197174072265625 263.09783935546875 261.302642822265625 259.59442138671875 255.9417266845703125 249.8381500244140625 245.4312744140625 242.904937744140625 240.340087890625 237.962005615234375 235.9060211181640625
337.256317138671875 335.150360107421875 332.168914794921875 330.254547119140625 328.477630615234375 325.84210205078125 323.344146728515625 320.851226806640625 318.5802001953125 316.1800537109375 313.860504150390625 311.738494873046875 309.51336669921875 307.380889892578125 304.940643310546875 302.946044921875 300.077911376953125 297.692047119140625 295.050262451171875 291.318084716796875 287.2698974609375 285.521575927734375 283.762359619140625 282.675537109375 281.823699951171875 280.597381591796875 278.906036376953125 276.806365966796875 274.597320556640625 272.220062255859375 269.8912353515625 267.83917236328125 265.62066650390625 263.593536376953125 262.658538818359375 259.237396240234375 255.9405670166015625 250.8214111328125 246.579681396484375 243.5470428466796875 240.98101806640625 238.777496337890625 236.9354095458984375
338.1072998046875 336.016357421875 333.519744873046875 332.367706298828125 329.931182861328125 327.686614990234375 324.979949951171875 322.381134033203125 320.03448486328125 317.743621826171875 314.66656494140625 312.264434814453125 309.37908935546875 306.60595703125 303.47821044921875 300.905731201171875 297.260498046875 294.38006591796875 292.531646728515625 290.9658203125 290.033966064453125 288.63555908203125 287.57196044921875 285.729736328125 283.690460205078125 281.4560546875 279.175872802734375 277.025115966796875 274.678924560546875 272.229705810546875 269.85272216796875 267.488800048828125 265.1507568359375 262.865325927734375 260.8695068359375 258.725921630859375 256.321136474609375 250.820465087890625 247.64251708984375 244.6907196044921875 242.2959136962890625 239.9759063720703125 237.6278076171875
339.459991455078125 337.04058837890625 334.6903076171875 330.385101318359375 327.303863525390625 325.3946533203125 322.20330810546875 319.4652099609375 316.954376220703125 314.77117919921875 311.981414794921875 310.2281494140625 308.6923828125 306.75567626953125 304.49853515625 302.0267333984375 299.286224365234375 297.896514892578125 296.8970947265625 294.882110595703125 292.59954833984375 290.08197021484375 287.885894775390625 285.679779052734375 283.303253173828125 281.4158935546875 278.94281005859375 276.48095703125 274.359619140625 271.964569091796875 269.6444091796875 267.069976806640625 264.644287109375 262.15667724609375 260.1817626953125 257.656829833984375 255.311492919921875 251.494171142578125 248.620269775390625 245.5323486328125 243.5684814453125 242.79052734375 238.0955352783203125
338.20208740234375 335.81085205078125 333.343841552734375 331.542877197265625 329.925048828125 327.899566650390625 325.24462890625 322.5909423828125 319.813079833984375 317.14617919921875 315.7430419921875 313.707366943359375 311.664337158203125 309.14459228515625 306.594696044921875 304.46331787109375 302.336517333984375 299.755615234375 296.95947265625 294.542724609375 292.136566162109375 289.964447021484375 287.73956298828125 285.429290771484375 283.315673828125 280.989837646484375 278.46942138671875 276.128387451171875 273.963348388671875 271.624481201171875 269.138671875 266.845306396484375 264.50177001953125 262.07232666015625 259.700927734375 257.6448974609375 255.317047119140625 252.106597900390625 249.361083984375 246.7779541015625 244.7709808349609375 241.7213134765625 238.546600341796875
340.88995361328125 339.477813720703125 336.945770263671875 334.279510498046875 331.657318115234375 328.332244873046875 325.68316650390625 323.50634765625 321.022369384765625 319.6563720703125 317.956390380859375 315.50189208984375 311.9676513671875 309.506561279296875 307.022857666015625 304.46759033203125 301.921417236328125 299.4078369140625 296.83087158203125 294.45208740234375 292.238525390625 290.077911376953125 288.03240966796875 285.619232177734375 283.076019287109375 280.7423095703125 278.241790771484375 275.994232177734375 273.4781494140625 271.154083251953125 268.743133544921875 266.542510986328125 264.312652587890625 262.03369140625 259.81414794921875 257.18902587890625 255.4229278564453125 252.1623992919921875 249.6868896484375 247.43280029296875 244.07421875 240.8359375 237.7209320068359375
342.3387451171875 339.543487548828125 336.6533203125 334.017852783203125 331.180328369140625 329.895172119140625 327.505950927734375 324.9420166015625 322.53643798828125 319.864410400390625 317.22222900390625 314.6007080078125 311.53216552734375 309.15338134765625 307.264617919921875 304.406341552734375 301.775360107421875 299.026947021484375 296.737396240234375 294.585479736328125 292.101470947265625 289.879913330078125 287.7403564453125 285.397705078125 283.045928955078125 280.77392578125 278.330718994140625 275.8980712890625 273.518157958984375 271.209136962890625 268.826751708984375 266.434783935546875 264.249908447265625 261.666015625 259.36798095703125 257.366851806640625 255.4073638916015625 252.683013916015625 250.67205810546875 246.6219635009765625 243.952484130859375 240.6596832275390625 237.5190277099609375
341.786834716796875 339.71234130859375 337.1951904296875 335.484405517578125 333.571868896484375 330.99090576171875 328.776336669921875 325.504425048828125 323.30615234375 320.512603759765625 317.992218017578125 314.892242431640625 311.84600830078125 309.2127685546875 306.709625244140625 304.236114501953125 301.38775634765625 298.619293212890625 296.250091552734375 294.053070068359375 291.95697021484375 289.59161376953125 287.580474853515625 285.3184814453125 283.1171875 280.852294921875 278.35198974609375 276.00927734375 273.8482666015625 271.689117431640625 269.14019775390625 266.7479248046875 264.302215576171875 261.864837646484375 259.74920654296875 257.626556396484375 255.2769775390625 253.077484130859375 250.236480712890625 246.818023681640625 245.179595947265625 241.0658111572265625 237.9321441650390625
343.192657470703125 341.3519287109375 339.290496826171875 337.18658447265625 334.918243408203125 332.82940673828125 329.938629150390625 326.90667724609375 323.93939208984375 320.77191162109375 317.67559814453125 314.420135498046875 311.569854736328125 308.93109130859375 306.556671142578125 304.22308349609375 301.88824462890625 299.0523681640625 296.56842041015625 294.177093505859375 291.709228515625 289.315582275390625 287.100738525390625 285.037261962890625 282.731658935546875 280.20977783203125 277.928314208984375 275.633270263671875 273.71697998046875 271.500640869140625 269.185333251953125 266.6429443359375 264.25439453125 261.777618408203125 259.639190673828125 257.9912109375 255.8935089111328125 253.5373077392578125 250.531036376953125 247.5676727294921875 245.3743438720703125 240.9734344482421875 238.3456878662109375
345.563568115234375 343.124542236328125 340.951934814453125 338.64129638671875 336.8758544921875 334.8079833984375 331.4561767578125 328.48486328125 326.197509765625 322.6048583984375 318.417083740234375 314.957611083984375 311.735107421875 309.13873291015625 306.685577392578125 304.194915771484375 301.71551513671875 298.9862060546875 296.73126220703125 294.05450439453125 291.426177978515625 289.241485595703125 286.924835205078125 284.874603271484375 282.752288818359375 280.24139404296875 278.01416015625 275.679290771484375 273.452789306640625 271.440948486328125 269.1605224609375 267.133453369140625 264.962554931640625 262.586395263671875 259.935638427734375 257.73419189453125 256.22979736328125 255.086639404296875 250.99456787109375 247.6042022705078125 244.1335296630859375 241.0938873291015625 238.24755859375
347.46923828125 345.87664794921875 342.998779296875 340.574462890625 338.627716064453125 336.099761962890625 334.4298095703125 330.213226318359375 327.8375244140625 323.942535400390625 319.19879150390625 315.891815185546875 312.46527099609375 309.5731201171875 307.1517333984375 303.829864501953125 301.11322021484375 298.711181640625 296.148651123046875 293.93756103515625 291.228790283203125 288.89459228515625 286.531951904296875 284.186187744140625 282.07305908203125 279.598876953125 277.555938720703125 275.277008056640625 273.064910888671875 271.30029296875 268.994049072265625 267.2220458984375 264.997955322265625 262.57464599609375 260.883819580078125 258.757568359375 256.829742431640625 255.2015380859375 252.203460693359375 246.931976318359375 243.4248504638671875 240.85992431640625 238.3130645751953125
348.29327392578125 345.9417724609375 343.679168701171875 341.652374267578125 339.3468017578125 337.96514892578125 335.381561279296875 331.29168701171875 328.7415771484375 326.15618896484375 322.06549072265625 317.003753662109375 313.221771240234375 310.97607421875 308.19970703125 304.0501708984375 300.747894287109375 298.049407958984375 295.53387451171875 292.970123291015625 290.324432373046875 287.995330810546875 285.7713623046875 283.6331787109375 281.473480224609375 279.287017822265625 277.206787109375 275.761199951171875 273.445587158203125 271.458587646484375 269.157073974609375 266.764312744140625 264.52777099609375 262.53155517578125 260.11773681640625 258.359405517578125 256.340087890625 254.8787384033203125 251.9820709228515625 246.6646575927734375 243.587005615234375 240.873138427734375 238.168670654296875
349.435516357421875 347.2657470703125 344.99853515625 343.2396240234375 340.83056640625 339.478729248046875 335.83453369140625 332.7459716796875 330.43267822265625 326.1673583984375 321.859954833984375 317.88238525390625 314.509857177734375 312.74652099609375 309.176116943359375 303.576141357421875 299.819000244140625 297.17706298828125 294.457305908203125 291.954742431640625 289.53570556640625 287.431610107421875 285.44989013671875 283.27606201171875 281.303863525390625 279.834869384765625 277.677764892578125 275.552581787109375 273.313629150390625 271.0986328125 268.758636474609375 266.562347412109375 264.54058837890625 262.43157958984375 260.0352783203125 257.953399658203125 255.89111328125 254.4221954345703125 250.891021728515625 246.5238037109375 243.8377532958984375 241.290740966796875 238.28350830078125
349.836090087890625 347.656982421875 345.60064697265625 343.52752685546875 341.326507568359375 339.707275390625 336.250030517578125 333.652069091796875 331.257568359375 326.743743896484375 323.1822509765625 319.79949951171875 315.639984130859375 312.20928955078125 308.38153076171875 303.947235107421875 299.549041748046875 295.8287353515625 292.845703125 290.734405517578125 288.631622314453125 286.618011474609375 284.4439697265625 282.42120361328125 280.56256103515625 278.804534912109375 277.23876953125 275.21453857421875 273.099761962890625 271.054473876953125 268.671722412109375 266.373931884765625 264.354461669921875 261.937957763671875 259.424591064453125 257.286407470703125 255.173980712890625 252.879852294921875 250.8129425048828125 246.2968292236328125 243.863861083984375 241.3020172119140625 238.3666229248046875
350.70684814453125 348.3857421875 346.03765869140625 343.57568359375 341.452545166015625 339.6431884765625 336.77166748046875 333.965667724609375 330.840789794921875 327.344329833984375 325.32562255859375 322.763671875 316.63165283203125 312.9114990234375 308.57275390625 305.37774658203125 299.565277099609375 295.73907470703125 292.889129638671875 290.505340576171875 288.138427734375 286.131439208984375 284.189666748046875 282.053802490234375 279.96026611328125 278.151947021484375 276.425018310546875 274.922393798828125 272.9879150390625 270.848388671875 268.67816162109375 266.055511474609375 263.58526611328125 261.434356689453125 258.7730712890625 256.438232421875 253.812896728515625 251.6798095703125 248.73675537109375 245.9911956787109375 243.4020538330078125 240.963897705078125 238.298614501953125
350.9798583984375 348.534027099609375 346.213592529296875 343.92523193359375 341.567291259765625 339.5760498046875 337.8175048828125 333.86065673828125 330.942169189453125 328.732940673828125 326.441131591796875 323.862884521484375 316.096282958984375 313.238006591796875 309.267425537109375 306.480926513671875 299.49346923828125 296.445037841796875 293.10589599609375 290.40386962890625 287.847808837890625 285.537109375 283.51708984375 281.50213623046875 279.774810791015625 278.223358154296875 276.364776611328125 274.558380126953125 272.783050537109375 270.468017578125 267.522918701171875 264.751617431640625 262.46990966796875 260.056182861328125 257.822998046875 254.929412841796875 252.47314453125 250.5025787353515625 247.778106689453125 244.9881744384765625 242.220458984375 239.6773681640625 237.3380126953125
351.480743408203125 348.76861572265625 346.280426025390625 343.82037353515625 341.388214111328125 339.34332275390625 337.28619384765625 334.13427734375 331.52056884765625 329.482696533203125 326.485443115234375 323.867462158203125 318.477569580078125 313.254852294921875 309.016937255859375 305.624664306640625 300.0732421875 296.10223388671875 292.828125 290.286712646484375 287.6845703125 285.298431396484375 283.203521728515625 281.247222900390625 279.652740478515625 278.071075439453125 276.1585693359375 274.652557373046875 272.521697998046875 270.171417236328125 267.750579833984375 265.023773193359375 263.2193603515625 261.480682373046875 258.086822509765625 255.2401885986328125 252.7050933837890625 250.46087646484375 247.9344329833984375 244.54449462890625 241.6420440673828125 239.0150146484375 236.50421142578125
