Data/Lavangsdalen_data/tbfclip.asc
ncols        543
nrows        311
xllcorner    663841.000000000000
yllcorner    7712246.000000000000
cellsize     5.000000000000
[rows 190 to 208 of 311, columns 43 to 85 of 543]
1113.175048828125 1108.8323974609375 1100.7840576171875 1097.430908203125 1093.3323974609375 1089.4146728515625 1086.355224609375 1082.687255859375 1079.3773193359375 1075.737060546875 1072.16259765625 1068.708740234375 1065.423095703125 1061.94677734375 1059.2381591796875 1055.995361328125 1052.2379150390625 1048.681640625 1045.4691162109375 1042.2186279296875 1039.1348876953125 1036.369384765625 1033.88525390625 1031.0997314453125 1028.165283203125 1024.9591064453125 1021.78570556640625 1017.60284423828125 1014.247802734375 1006.36102294921875 996.5411376953125 991.7454833984375 974.38214111328125 962.27191162109375 954.037841796875 947.18682861328125 942.0615234375 939.1051025390625 936.19708251953125 933.5982666015625 931.0482177734375 928.5501708984375 926.049560546875
1114.1741943359375 1107.33203125 1101.51806640625 1098.040771484375 1094.1400146484375 1090.5684814453125 1086.9403076171875 1083.3294677734375 1079.8525390625 1076.2498779296875 1072.83349609375 1069.3841552734375 1066.3353271484375 1062.792236328125 1060.135986328125 1056.91552734375 1052.945068359375 1049.70361328125 1046.372314453125 1043.534912109375 1040.4388427734375 1037.83349609375 1035.208984375 1032.932861328125 1030.908447265625 1028.1527099609375 1025.7822265625 1020.6282958984375 1017.4793701171875 1011.5003662109375 1000.83026123046875 993.85113525390625 979.759765625 958.86334228515625 954.864013671875 949.937744140625 942.6497802734375 939.60858154296875 936.8006591796875 934.28643798828125 931.8575439453125 929.3323974609375 926.82763671875
1110.512451171875 1105.6805419921875 1102.2177734375 1098.6341552734375 1094.934814453125 1091.036376953125 1087.4874267578125 1084.0029296875 1080.6787109375 1077.3504638671875 1073.971923828125 1070.4754638671875 1067.1318359375 1064.127197265625 1060.9664306640625 1057.7843017578125 1054.6165771484375 1051.317138671875 1048.070068359375 1044.5526123046875 1041.712158203125 1039.39306640625 1037.3349609375 1035.6461181640625 1033.2822265625 1031.0802001953125 1029.214599609375 1023.63763427734375 1019.90570068359375 1015.2855224609375 1003.50628662109375 992.43988037109375 981.1563720703125 959.82733154296875 953.9853515625 951.1572265625 942.75164794921875 940.56085205078125 937.644287109375 935.05987548828125 932.4156494140625 930.06427001953125 928.59521484375
1112.463134765625 1106.7781982421875 1103.0157470703125 1098.982421875 1095.20654296875 1091.6064453125 1088.2322998046875 1084.80224609375 1081.568115234375 1078.149658203125 1074.6719970703125 1072.0225830078125 1069.0579833984375 1066.0791015625 1062.9788818359375 1059.63916015625 1056.1712646484375 1052.5506591796875 1049.2838134765625 1046.462646484375 1043.9227294921875 1041.4146728515625 1040.1026611328125 1038.087158203125 1035.437744140625 1034.388427734375 1032.3934326171875 1026.2281494140625 1022.00433349609375 1013.6885986328125 997.997314453125 991.42779541015625 977.19244384765625 962.63214111328125 954.5089111328125 946.6895751953125 944.85040283203125 941.66363525390625 938.66278076171875 935.71844482421875 933.6343994140625 932.07305908203125 930.39581298828125
1110.8331298828125 1106.6400146484375 1103.3302001953125 1099.7694091796875 1096.4559326171875 1092.9541015625 1089.606689453125 1086.11376953125 1082.8023681640625 1080.05029296875 1076.989990234375 1074.0667724609375 1071.0843505859375 1067.8135986328125 1064.1617431640625 1060.5833740234375 1057.337646484375 1054.6241455078125 1051.37255859375 1048.3377685546875 1046.0020751953125 1044.28125 1043.190673828125 1039.915283203125 1038.7437744140625 1037.200439453125 1035.1705322265625 1030.328125 1017.61724853515625 1008.2257080078125 996.42144775390625 988.9364013671875 976.0245361328125 959.03265380859375 952.13104248046875 949.43121337890625 946.02410888671875 942.6998291015625 939.7811279296875 937.61541748046875 935.8656005859375 934.14422607421875 932.45947265625
1112.0982666015625 1108.418701171875 1104.8009033203125 1101.0531005859375 1097.5355224609375 1094.2039794921875 1091.04345703125 1088.1614990234375 1084.8924560546875 1081.8582763671875 1078.83544921875 1075.6051025390625 1072.0828857421875 1068.7431640625 1065.334716796875 1062.5301513671875 1059.7413330078125 1056.290771484375 1052.9268798828125 1050.402099609375 1048.53564453125 1047.294677734375 1046.8941650390625 1045.6683349609375 1042.920166015625 1041.2523193359375 1037.544677734375 1029.53125 1011.05963134765625 1001.06170654296875 995.44891357421875 986.290771484375 973.41180419921875 959.1796875 953.92401123046875 950.6787109375 947.48284912109375 944.05780029296875 941.79913330078125 939.95977783203125 938.15057373046875 936.367431640625 934.5220947265625
1112.710693359375 1108.914306640625 1105.5458984375 1102.340087890625 1099.1279296875 1095.8480224609375 1092.634521484375 1089.5771484375 1086.4837646484375 1083.2977294921875 1080.0849609375 1076.5850830078125 1073.41259765625 1070.3536376953125 1067.4677734375 1064.5191650390625 1060.7681884765625 1057.4791259765625 1055.2626953125 1053.315185546875 1051.6663818359375 1050.2716064453125 1050.1826171875 1048.8509521484375 1046.6695556640625 1042.99609375 1039.5623779296875 1029.878173828125 1012.08514404296875 998.13720703125 990.7982177734375 980.249755859375 967.6705322265625 960.61431884765625 954.683837890625 952.11224365234375 949.0399169921875 946.2322998046875 944.31695556640625 942.340087890625 940.31842041015625 938.3863525390625 936.48834228515625
1113.9371337890625 1110.4610595703125 1107.2379150390625 1103.87841796875 1100.5556640625 1097.4410400390625 1094.291259765625 1091.1258544921875 1087.9320068359375 1084.73193359375 1081.5555419921875 1078.37939453125 1075.6920166015625 1072.3958740234375 1068.7237548828125 1065.310791015625 1062.9283447265625 1060.75634765625 1058.377685546875 1056.787109375 1054.94970703125 1053.7392578125 1053.7764892578125 1052.5068359375 1050.517578125 1044.5489501953125 1036.8677978515625 1029.2369384765625 1009.7335205078125 997.7513427734375 989.28607177734375 976.640380859375 966.66876220703125 961.48394775390625 957.29901123046875 954.04986572265625 951.13995361328125 948.69110107421875 946.564697265625 944.49066162109375 942.39031982421875 940.46630859375 938.762939453125
1115.45947265625 1111.9600830078125 1108.6600341796875 1105.3885498046875 1102.164306640625 1099.04736328125 1095.75634765625 1092.5718994140625 1089.374267578125 1086.171630859375 1083.4619140625 1080.5155029296875 1077.1878662109375 1074.239013671875 1070.59765625 1068.1259765625 1066.037841796875 1063.654052734375 1061.74072265625 1059.8824462890625 1058.0843505859375 1057.2857666015625 1056.387939453125 1055.908935546875 1055.264892578125 1043.5902099609375 1035.5936279296875 1028.90283203125 1004.26531982421875 993.61724853515625 985.8492431640625 976.7745361328125 970.67022705078125 962.76007080078125 958.38226318359375 955.78668212890625 953.251220703125 950.899658203125 948.68084716796875 946.50567626953125 944.3564453125 942.71942138671875 941.0362548828125
1116.901123046875 1113.4508056640625 1110.2552490234375 1107.046142578125 1103.79296875 1100.40283203125 1097.1455078125 1094.1346435546875 1091.09765625 1088.2877197265625 1085.3470458984375 1081.73681640625 1079.3551025390625 1076.0218505859375 1073.4678955078125 1071.03369140625 1068.76123046875 1066.84228515625 1064.927734375 1063.0723876953125 1061.9156494140625 1060.7415771484375 1059.7064208984375 1058.7406005859375 1057.837646484375 1042.3299560546875 1034.9871826171875 1018.17010498046875 1004.89752197265625 994.0294189453125 985.65850830078125 974.64111328125 970.453125 964.77679443359375 960.35791015625 957.66815185546875 955.173583984375 952.98779296875 950.82916259765625 948.6085205078125 946.52587890625 944.92877197265625 943.0712890625
1118.5552978515625 1115.132568359375 1111.795166015625 1108.406982421875 1105.122314453125 1101.998046875 1098.804443359375 1095.854248046875 1093.0631103515625 1089.8775634765625 1086.4080810546875 1083.6483154296875 1081.222412109375 1078.7232666015625 1076.2471923828125 1073.62744140625 1071.776611328125 1070.005615234375 1068.0865478515625 1066.20703125 1065.0379638671875 1064.0869140625 1062.9561767578125 1062.091796875 1058.2413330078125 1043.0457763671875 1031.87353515625 1012.42315673828125 1007.16497802734375 998.73577880859375 986.32415771484375 973.47698974609375 969.15087890625 965.56414794921875 962.26837158203125 959.63677978515625 957.3046875 955.12286376953125 952.89093017578125 950.609375 948.9085693359375 947.0640869140625 945.337890625
1120.1160888671875 1116.6253662109375 1113.2169189453125 1109.9937744140625 1106.71484375 1103.5732421875 1100.801025390625 1097.685302734375 1094.0792236328125 1090.9063720703125 1088.242919921875 1086.3214111328125 1083.7857666015625 1081.31640625 1078.5003662109375 1076.6845703125 1074.8682861328125 1073.12255859375 1071.18896484375 1069.7904052734375 1068.73828125 1067.6641845703125 1066.65869140625 1065.23193359375 1062.3172607421875 1043.8236083984375 1025.6719970703125 1008.465576171875 1004.27398681640625 997.80596923828125 984.96173095703125 973.52752685546875 971.089111328125 967.2080078125 964.2266845703125 961.743896484375 959.45916748046875 957.136962890625 954.7314453125 952.90966796875 951.17413330078125 949.43304443359375 947.57171630859375
1121.4510498046875 1118.101318359375 1114.80078125 1111.7164306640625 1108.59619140625 1105.56396484375 1102.1639404296875 1098.8365478515625 1095.6756591796875 1093.2044677734375 1091.0927734375 1088.6722412109375 1086.3519287109375 1083.7310791015625 1081.7691650390625 1079.8248291015625 1077.974365234375 1076.16357421875 1074.3599853515625 1073.7967529296875 1073.24365234375 1071.8134765625 1070.46240234375 1064.4378662109375 1059.1021728515625 1044.5592041015625 1020.452880859375 1005.5181884765625 1000.19512939453125 994.34136962890625 986.89422607421875 975.10528564453125 972.49591064453125 969.1090087890625 966.3277587890625 963.96441650390625 961.58404541015625 959.01812744140625 957.04071044921875 955.403076171875 953.71099853515625 951.75433349609375 949.897216796875
1122.9976806640625 1119.694091796875 1116.600830078125 1113.447021484375 1110.2501220703125 1106.7799072265625 1103.7490234375 1101.0875244140625 1098.6854248046875 1095.9881591796875 1093.46044921875 1091.0281982421875 1088.455810546875 1086.6031494140625 1084.7958984375 1082.91552734375 1081.111083984375 1079.2904052734375 1078.0245361328125 1077.206298828125 1076.3060302734375 1074.7877197265625 1072.673095703125 1061.8525390625 1053.7796630859375 1043.172607421875 1029.3623046875 1002.5284423828125 997.9578857421875 993.293701171875 989.1795654296875 975.10528564453125 974.0718994140625 971.00140380859375 968.50408935546875 966.19989013671875 963.607666015625 961.5166015625 959.76715087890625 958.052001953125 956.12677001953125 954.21343994140625 952.3125
1124.6832275390625 1121.4078369140625 1118.14892578125 1114.7618408203125 1111.520263671875 1108.623779296875 1106.2310791015625 1103.7127685546875 1100.8995361328125 1098.2552490234375 1095.7738037109375 1093.066650390625 1091.3045654296875 1089.5216064453125 1087.650634765625 1085.950439453125 1084.141845703125 1082.8714599609375 1081.4609375 1080.55322265625 1079.051025390625 1076.3533935546875 1069.26806640625 1063.588134765625 1052.4110107421875 1041.1890869140625 1027.646728515625 1002.6666259765625 997.65789794921875 993.56304931640625 990.58575439453125 976.51898193359375 975.90325927734375 972.967529296875 970.4940185546875 968.01690673828125 966.02374267578125 964.134521484375 962.4412841796875 960.51971435546875 958.5489501953125 956.63128662109375 954.7467041015625
1126.2197265625 1122.6846923828125 1119.4073486328125 1116.0450439453125 1113.84375 1111.3321533203125 1108.67822265625 1105.8160400390625 1102.9974365234375 1100.5572509765625 1097.9088134765625 1095.863037109375 1094.3074951171875 1092.33935546875 1090.5523681640625 1088.9122314453125 1087.12841796875 1086.02587890625 1084.6390380859375 1083.375 1081.050537109375 1079.218017578125 1066.8824462890625 1060.381591796875 1051.377685546875 1041.5303955078125 1017.19232177734375 1001.578125 999.9444580078125 995.49627685546875 986.9268798828125 979.62432861328125 977.78448486328125 975.19244384765625 972.68707275390625 970.50286865234375 968.7427978515625 966.9276123046875 964.9039306640625 963.08935546875 961.0340576171875 959.221435546875 957.29461669921875
1127.4979248046875 1124.4227294921875 1121.639892578125 1118.9888916015625 1116.409423828125 1113.5145263671875 1110.6212158203125 1107.8751220703125 1105.317626953125 1102.7646484375 1100.6737060546875 1098.87646484375 1096.966552734375 1095.1885986328125 1093.5455322265625 1091.724365234375 1090.0054931640625 1088.4561767578125 1087.447998046875 1085.7381591796875 1083.6041259765625 1081.111572265625 1065.311279296875 1055.8966064453125 1050.3956298828125 1037.34912109375 1013.96270751953125 1001.7945556640625 998.70989990234375 991.29425048828125 987.7408447265625 982.80401611328125 980.153076171875 977.64886474609375 975.3065185546875 973.26434326171875 971.44732666015625 969.479248046875 967.4354248046875 965.48822021484375 963.63519287109375 961.71917724609375 959.621337890625
1129.6778564453125 1126.8712158203125 1124.0821533203125 1121.165771484375 1118.3193359375 1115.513916015625 1112.8070068359375 1110.1844482421875 1107.526611328125 1105.321533203125 1103.62841796875 1101.6295166015625 1099.65234375 1097.9970703125 1096.3634033203125 1094.569091796875 1092.803955078125 1091.0740966796875 1090.066162109375 1088.470703125 1086.02490234375 1083.47802734375 1062.5997314453125 1050.493896484375 1044.6209716796875 1028.872802734375 1012.9654541015625 1001.7427978515625 999.35919189453125 992.56097412109375 987.320556640625 985.25372314453125 982.694091796875 980.235107421875 978.0985107421875 976.07000732421875 974.1053466796875 972.1685791015625 970.04876708984375 968.06134033203125 966.26519775390625 963.99798583984375 961.98974609375
1132.010009765625 1129.0191650390625 1126.04248046875 1123.2060546875 1120.46240234375 1117.794189453125 1115.14453125 1112.384521484375 1110.142333984375 1108.348876953125 1106.22900390625 1104.29248046875 1102.3704833984375 1100.843994140625 1099.1007080078125 1097.3720703125 1095.48974609375 1094.0584716796875 1092.77587890625 1090.6756591796875 1088.83251953125 1087.6680908203125 1056.8787841796875 1044.6116943359375 1035.95068359375 1021.55181884765625 1012.70880126953125 1003.1484375 999.32452392578125 994.13494873046875 990.501220703125 987.69671630859375 984.998046875 982.98211669921875 980.943115234375 978.80621337890625 976.8046875 974.84442138671875 972.63189697265625 970.741455078125 968.542724609375 966.46728515625 964.4771728515625
