Data/Lavangsdalen_data/tbfclip.asc
ncols        543
nrows        311
xllcorner    663841.000000000000
yllcorner    7712246.000000000000
cellsize     5.000000000000
[rows 57 to 75 of 311, columns 430 to 472 of 543]
53.03823089599609375 52.810619354248046875 52.8792572021484375 52.368804931640625 52.83722686767578125 52.737201690673828125 52.42962646484375 53.295352935791015625 53.30806732177734375 53.5516815185546875 53.7642364501953125 54.02716827392578125 54.198337554931640625 54.25734710693359375 54.33960723876953125 54.5079193115234375 54.7857208251953125 54.87525177001953125 55.19574737548828125 55.3434295654296875 55.62078857421875 55.62337493896484375 55.8549041748046875 56.22039794921875 56.54117584228515625 56.75412750244140625 57.14066314697265625 57.05675506591796875 57.11069488525390625 57.4034881591796875 58.0743865966796875 58.413692474365234375 58.550506591796875 58.493953704833984375 59.05457305908203125 60.249141693115234375 61.2068634033203125 62.13446044921875 62.420459747314453125 62.609264373779296875 62.7499237060546875 62.9419708251953125 62.89404296875
53.10393524169921875 53.026519775390625 52.7779388427734375 52.32604217529296875 52.71906280517578125 52.69634246826171875 52.5662384033203125 52.8826904296875 53.31732940673828125 53.523189544677734375 53.62646484375 54.0317840576171875 54.30558013916015625 54.37534332275390625 54.41463470458984375 54.511837005615234375 54.7022857666015625 54.95462799072265625 55.2697296142578125 55.494525909423828125 55.75118255615234375 55.8272857666015625 56.16204833984375 56.2926788330078125 56.58110809326171875 57.0129241943359375 57.18770599365234375 57.4130401611328125 57.696689605712890625 57.90897369384765625 58.05743408203125 58.389759063720703125 58.49314117431640625 58.54770660400390625 58.4465789794921875 59.349700927734375 60.8643798828125 62.148223876953125 62.507476806640625 62.7236480712890625 62.923320770263671875 63.10535430908203125 63.1548614501953125
52.622806549072265625 52.575130462646484375 52.64882659912109375 52.70175933837890625 52.912120819091796875 53.120086669921875 52.525180816650390625 53.070404052734375 53.1120452880859375 53.08746337890625 53.702545166015625 54.03623199462890625 54.3401947021484375 54.4546356201171875 54.5382843017578125 54.64101409912109375 54.673702239990234375 54.7916259765625 55.310558319091796875 55.5767669677734375 55.69216156005859375 55.89080047607421875 55.8675537109375 56.344997406005859375 56.77045440673828125 57.04296112060546875 57.283374786376953125 57.512664794921875 57.728710174560546875 57.9791259765625 58.1578521728515625 58.3723907470703125 58.529022216796875 58.526885986328125 58.5722503662109375 58.86618804931640625 60.33647918701171875 61.27947235107421875 61.679813385009765625 61.393096923828125 61.695659637451171875 62.456996917724609375 63.02326202392578125
52.61263275146484375 52.72431182861328125 52.808135986328125 52.8882598876953125 53.04611968994140625 53.16904449462890625 53.031566619873046875 52.5718841552734375 53.3127593994140625 53.1613311767578125 53.77666473388671875 53.9757537841796875 54.289031982421875 54.4859619140625 54.586963653564453125 54.80046844482421875 54.7723388671875 54.906524658203125 55.06845855712890625 55.273815155029296875 55.726993560791015625 55.924835205078125 56.2143402099609375 56.58838653564453125 56.900051116943359375 57.172046661376953125 57.43949127197265625 57.79001617431640625 57.9117279052734375 58.109905242919921875 58.307186126708984375 58.500156402587890625 58.66265869140625 58.796695709228515625 58.757869720458984375 58.6869659423828125 59.685214996337890625 60.361385345458984375 60.25583648681640625 60.05265045166015625 60.28275299072265625 60.73276519775390625 61.2630615234375
53.1658172607421875 52.77696990966796875 52.9178314208984375 52.95195770263671875 53.04161834716796875 53.0977325439453125 53.288143157958984375 52.66690826416015625 52.81644439697265625 53.389617919921875 53.93383026123046875 54.140613555908203125 54.45001220703125 54.4990997314453125 54.62285614013671875 54.7738800048828125 54.889987945556640625 54.9919281005859375 55.1877288818359375 55.4731597900390625 55.764404296875 55.9832305908203125 56.43245697021484375 56.685512542724609375 57.0046539306640625 57.257659912109375 57.480968475341796875 57.736598968505859375 57.936431884765625 58.1363067626953125 58.338527679443359375 58.47649383544921875 58.53253936767578125 58.841854095458984375 58.930328369140625 59.029842376708984375 59.06546783447265625 59.582859039306640625 59.660877227783203125 59.8249053955078125 60.18379974365234375 60.372371673583984375 60.7040252685546875
53.03292083740234375 52.7946624755859375 52.91732025146484375 52.99887847900390625 53.05318450927734375 53.175342559814453125 53.297817230224609375 53.32621002197265625 52.755847930908203125 53.22679901123046875 54.04685211181640625 54.466083526611328125 54.5402069091796875 54.56432342529296875 54.7229156494140625 54.860652923583984375 55.025638580322265625 55.1529083251953125 55.24603271484375 55.4999847412109375 55.78723907470703125 56.086490631103515625 56.44947052001953125 56.7636260986328125 57.0627899169921875 57.3264617919921875 57.575897216796875 57.820499420166015625 57.99350738525390625 58.142032623291015625 58.27907562255859375 58.4635467529296875 58.655971527099609375 58.90024566650390625 59.05542755126953125 59.1585540771484375 59.33712005615234375 59.2610931396484375 59.453159332275390625 59.71978759765625 59.831577301025390625 60.25794219970703125 60.66133880615234375
53.03582763671875 53.0860443115234375 53.07538604736328125 53.220180511474609375 53.28527069091796875 53.539203643798828125 53.2985687255859375 53.48896026611328125 53.3863983154296875 52.9035491943359375 53.70708465576171875 54.5944366455078125 54.7593994140625 54.6520538330078125 54.5066375732421875 54.927852630615234375 55.0537109375 55.223011016845703125 55.4208221435546875 55.6122589111328125 55.86402130126953125 56.062473297119140625 56.45708465576171875 56.749217987060546875 57.0423126220703125 57.31514739990234375 57.598537445068359375 57.82169342041015625 58.00334930419921875 58.25926971435546875 58.357234954833984375 58.4507904052734375 58.58153533935546875 58.88066864013671875 59.0491943359375 58.903362274169921875 58.914203643798828125 59.49369049072265625 59.81011962890625 59.85211944580078125 59.905841827392578125 60.1805419921875 60.645107269287109375
53.0995025634765625 53.05800628662109375 53.046192169189453125 53.1191864013671875 53.37728118896484375 53.56982421875 53.191585540771484375 53.252162933349609375 53.86145782470703125 53.266448974609375 53.0411224365234375 53.9608001708984375 54.31394195556640625 54.739837646484375 54.9680328369140625 54.864105224609375 54.55448150634765625 55.2586669921875 55.43640899658203125 55.69896697998046875 55.947479248046875 56.18231964111328125 56.41280364990234375 56.7461395263671875 57.00041961669921875 57.285797119140625 57.6134796142578125 57.902484893798828125 58.1563568115234375 58.30621337890625 58.44774627685546875 58.59668731689453125 58.6622161865234375 58.7060699462890625 58.95384979248046875 58.887664794921875 58.93561553955078125 59.476596832275390625 59.81594085693359375 60.058917999267578125 60.194644927978515625 60.475799560546875 60.70477294921875
53.1553955078125 53.15552520751953125 53.16683197021484375 53.15029144287109375 53.225078582763671875 53.35124969482421875 53.19963836669921875 53.224822998046875 53.756214141845703125 53.72365570068359375 53.03515625 53.3912811279296875 54.31557464599609375 54.3580780029296875 54.767749786376953125 54.953826904296875 55.322116851806640625 54.999469757080078125 54.67011260986328125 55.63338470458984375 55.9367828369140625 56.21826171875 56.48145294189453125 56.77490997314453125 57.0100250244140625 57.27223968505859375 57.5659332275390625 57.90239715576171875 58.1768951416015625 58.3030548095703125 58.480182647705078125 58.651519775390625 58.7387542724609375 58.81940460205078125 58.881656646728515625 59.0552825927734375 59.22969818115234375 59.43292236328125 59.75054931640625 60.0800933837890625 60.224323272705078125 60.5208587646484375 60.752109527587890625
53.164337158203125 53.150634765625 53.25690460205078125 53.271121978759765625 53.285999298095703125 53.22487640380859375 53.258251190185546875 53.5690765380859375 53.76114654541015625 53.9203033447265625 53.1746978759765625 53.57500457763671875 54.043670654296875 53.6429901123046875 54.5230255126953125 55.15743255615234375 55.52170562744140625 55.550403594970703125 54.765899658203125 55.56957244873046875 55.84075164794921875 56.19643402099609375 56.389652252197265625 56.724071502685546875 57.052913665771484375 57.30968475341796875 57.51300048828125 57.8852691650390625 58.07757568359375 58.24629974365234375 58.4534149169921875 58.645355224609375 58.775806427001953125 58.8986358642578125 58.952671051025390625 59.0098876953125 59.31455230712890625 59.50091552734375 59.607982635498046875 59.9089813232421875 60.344623565673828125 60.601055145263671875 60.7824859619140625
53.15309906005859375 53.090423583984375 53.083587646484375 53.11643218994140625 53.1549224853515625 53.29949951171875 54.067493438720703125 53.8695220947265625 54.119045257568359375 54.152496337890625 53.11861419677734375 53.560787200927734375 54.40848541259765625 54.307159423828125 54.6730804443359375 54.901378631591796875 55.12741851806640625 55.616455078125 55.4900665283203125 55.7750244140625 55.8566436767578125 56.16745758056640625 56.267791748046875 56.58696746826171875 56.98139190673828125 57.291332244873046875 57.514129638671875 57.753070831298828125 58.0471649169921875 58.2083282470703125 58.40242767333984375 58.599700927734375 58.767032623291015625 59.015766143798828125 59.0685272216796875 59.1123199462890625 59.284816741943359375 59.48018646240234375 59.71195220947265625 59.92552947998046875 60.20407867431640625 60.41704559326171875 60.708591461181640625
52.92343902587890625 53.095531463623046875 53.12253570556640625 53.947235107421875 54.181365966796875 54.26519775390625 54.35953521728515625 54.2976837158203125 54.43413543701171875 54.7093505859375 53.16817474365234375 53.69353485107421875 54.5499114990234375 54.9391021728515625 54.966342926025390625 55.204193115234375 55.2544097900390625 55.3785400390625 55.872425079345703125 55.27930450439453125 55.76172637939453125 55.4669036865234375 55.6749725341796875 56.000324249267578125 56.8209991455078125 57.20328521728515625 57.47406005859375 57.6962890625 58.03270721435546875 58.24725341796875 58.45922088623046875 58.631649017333984375 58.6877899169921875 58.785186767578125 59.021728515625 59.182018280029296875 59.23839569091796875 59.5120849609375 59.721851348876953125 60.03540802001953125 60.19570159912109375 60.37314605712890625 60.5904998779296875
53.058734893798828125 53.31900787353515625 54.016216278076171875 54.035594940185546875 54.1369781494140625 54.352535247802734375 54.4166717529296875 54.3385162353515625 54.50453948974609375 54.915721893310546875 54.33946990966796875 53.30660247802734375 53.532054901123046875 53.886016845703125 55.208042144775390625 55.52779388427734375 55.6106719970703125 55.507823944091796875 55.8659820556640625 56.20025634765625 56.111919403076171875 56.06873321533203125 56.3798675537109375 56.366363525390625 56.69058990478515625 57.14942169189453125 57.45037078857421875 57.7744598388671875 58.17888641357421875 58.31253814697265625 58.3908233642578125 58.53737640380859375 58.68109130859375 58.841739654541015625 59.04932403564453125 59.1985321044921875 59.1270904541015625 59.3285675048828125 59.564044952392578125 59.877368927001953125 60.3050689697265625 60.440090179443359375 60.76892852783203125
53.9421844482421875 54.0068511962890625 54.12128448486328125 54.19234466552734375 54.21450042724609375 54.434749603271484375 54.40154266357421875 54.53368377685546875 54.61872100830078125 54.943164825439453125 54.91910552978515625 53.7862396240234375 54.028472900390625 53.93042755126953125 54.080291748046875 55.67296600341796875 55.820804595947265625 55.779445648193359375 55.810207366943359375 56.065338134765625 56.38622283935546875 56.559234619140625 56.46825408935546875 56.09200286865234375 56.7454833984375 57.153594970703125 57.478946685791015625 57.773059844970703125 58.280170440673828125 57.919830322265625 57.728565216064453125 57.57794189453125 58.42383575439453125 58.6089324951171875 58.93194580078125 59.182727813720703125 59.2576141357421875 59.809520721435546875 59.79285430908203125 60.103973388671875 59.7401885986328125 60.429439544677734375 60.7510833740234375
54.1267242431640625 54.040252685546875 54.12358856201171875 54.25543212890625 54.2470703125 54.39466094970703125 54.701778411865234375 54.549896240234375 54.746829986572265625 54.893463134765625 55.08126068115234375 54.40894317626953125 54.40169525146484375 54.11470794677734375 53.860626220703125 55.9228363037109375 56.033557891845703125 55.747013092041015625 55.9102783203125 55.997714996337890625 56.125701904296875 56.68576812744140625 57.020359039306640625 56.471179962158203125 57.00565338134765625 57.1395263671875 57.3622894287109375 57.59020233154296875 57.7825775146484375 57.928699493408203125 57.8419647216796875 57.56670379638671875 58.47605133056640625 58.804698944091796875 59.04779815673828125 59.10451507568359375 59.4596405029296875 59.904140472412109375 59.96405029296875 60.3251800537109375 60.4212646484375 60.4806671142578125 60.83280181884765625
54.19759368896484375 54.28545379638671875 54.23860931396484375 54.29520416259765625 54.3560638427734375 54.443447113037109375 54.77725982666015625 54.85123443603515625 54.725421905517578125 54.97765350341796875 55.19527435302734375 54.8891754150390625 54.4937896728515625 54.089550018310546875 54.162075042724609375 56.0270233154296875 55.78250885009765625 56.015796661376953125 56.062225341796875 56.04095458984375 56.35547637939453125 56.7047119140625 56.9750823974609375 57.1688385009765625 56.6768035888671875 56.81911468505859375 56.959011077880859375 57.24140167236328125 57.56403350830078125 57.656482696533203125 57.84735870361328125 58.255939483642578125 58.6710052490234375 58.80078887939453125 59.06386566162109375 59.347118377685546875 59.490634918212890625 59.9031219482421875 60.034694671630859375 60.09554290771484375 60.47303009033203125 60.701747894287109375 60.90015411376953125
54.2800445556640625 54.353363037109375 54.462413787841796875 54.53759002685546875 54.63620758056640625 54.71048736572265625 54.85521697998046875 54.96197509765625 55.0637664794921875 54.87096405029296875 55.0627899169921875 55.319675445556640625 54.41089630126953125 54.073211669921875 54.254398345947265625 56.08329010009765625 55.91852569580078125 56.060993194580078125 56.0049285888671875 55.9647979736328125 56.28697967529296875 56.46179962158203125 56.7241363525390625 56.900234222412109375 57.0654144287109375 57.291751861572265625 57.51647186279296875 57.631450653076171875 57.748046875 57.9027099609375 57.717864990234375 58.42999267578125 58.666278839111328125 58.90111541748046875 59.192962646484375 59.3400421142578125 59.602443695068359375 59.796199798583984375 60.011463165283203125 60.1414794921875 60.4427032470703125 60.673496246337890625 60.91564178466796875
54.1187286376953125 54.35155487060546875 54.4952239990234375 54.58679962158203125 54.70298004150390625 54.90227508544921875 54.996097564697265625 55.107936859130859375 55.16290283203125 55.348876953125 55.33423614501953125 54.34008026123046875 54.11295318603515625 54.4136199951171875 55.77584075927734375 55.92424774169921875 55.871807098388671875 56.0550994873046875 56.17929840087890625 56.02285003662109375 56.1658935546875 56.51766204833984375 56.79518890380859375 57.0937957763671875 57.21228790283203125 57.4300079345703125 57.46832275390625 57.6946563720703125 57.96533203125 58.197162628173828125 58.37010955810546875 58.32080078125 58.7997894287109375 59.02117919921875 59.151580810546875 59.4872894287109375 59.6378326416015625 59.8690032958984375 59.999576568603515625 60.167388916015625 60.42681884765625 60.60848236083984375 60.81204986572265625
54.47491455078125 53.9812164306640625 54.619232177734375 54.70458221435546875 54.84870147705078125 54.978137969970703125 55.1267547607421875 55.222118377685546875 55.361446380615234375 55.3616943359375 54.62400054931640625 54.2984466552734375 54.79401397705078125 54.74700164794921875 55.81710052490234375 55.8290557861328125 56.076202392578125 56.06330108642578125 56.20056915283203125 56.28028106689453125 56.481449127197265625 56.80802154541015625 57.06926727294921875 57.21627044677734375 57.37145233154296875 57.532070159912109375 57.7418365478515625 57.879795074462890625 58.13974761962890625 58.3543853759765625 58.55078125 58.721805572509765625 59.051727294921875 59.147533416748046875 59.19916534423828125 59.4470672607421875 59.710865020751953125 59.8935699462890625 60.084228515625 60.2833709716796875 60.36804962158203125 60.42291259765625 60.75513458251953125
