Data/Lavangsdalen_data/tbfclip.asc
ncols        543
nrows        311
xllcorner    663841.000000000000
yllcorner    7712246.000000000000
cellsize     5.000000000000
[rows 57 to 75 of 311, columns 344 to 386 of 543]
109.003631591796875 108.12176513671875 106.9204864501953125 107.11090850830078125 107.0664825439453125 101.7847900390625 100.3822174072265625 98.98355865478515625 98.3189697265625 96.3462066650390625 93.9575042724609375 91.88358306884765625 91.0284271240234375 90.36017608642578125 89.4571075439453125 88.3267364501953125 86.9440155029296875 85.4257659912109375 83.7465057373046875 82.22161865234375 81.282501220703125 80.49504852294921875 79.5011749267578125 78.118255615234375 76.8005218505859375 75.72998046875 74.0587921142578125 72.1896514892578125 71.1497039794921875 70.4463043212890625 70.3623046875 70.02823638916015625 69.59244537353515625 69.407440185546875 69.11270904541015625 68.9555511474609375 68.612579345703125 68.1695098876953125 68.0294647216796875 67.6228485107421875 67.2688446044921875 66.95001220703125 66.5929107666015625
109.2162322998046875 108.8625946044921875 107.699066162109375 106.9003753662109375 104.7473602294921875 102.5153961181640625 100.52496337890625 99.26059722900390625 97.868255615234375 95.99434661865234375 94.1535186767578125 91.7022705078125 90.93930816650390625 90.2125091552734375 89.4859161376953125 88.45389556884765625 87.886627197265625 85.2086181640625 84.3727264404296875 82.7144317626953125 81.47125244140625 80.50669097900390625 79.2982330322265625 78.343841552734375 77.10546875 75.9583282470703125 74.1651611328125 72.097076416015625 71.2594146728515625 70.98760223388671875 70.87247467041015625 70.5644683837890625 70.13794708251953125 69.82562255859375 69.65409088134765625 69.36167144775390625 68.890838623046875 68.5601806640625 68.29376220703125 67.75904083251953125 67.30364227294921875 67.0141754150390625 66.496002197265625
109.577911376953125 109.4544525146484375 107.7585601806640625 106.05915069580078125 104.6129913330078125 102.655181884765625 100.9229278564453125 98.989105224609375 97.46448516845703125 95.324493408203125 93.1380767822265625 91.6982421875 90.89764404296875 90.190032958984375 89.40997314453125 88.5231170654296875 88.073638916015625 85.80884552001953125 85.07376861572265625 83.92919158935546875 81.49669647216796875 80.70589447021484375 79.6005706787109375 78.3121795654296875 77.10810089111328125 76.34781646728515625 74.3094482421875 72.658782958984375 71.79590606689453125 71.677734375 71.3373260498046875 71.12286376953125 70.72857666015625 70.378326416015625 70.167449951171875 69.8131103515625 69.36260986328125 69.043304443359375 68.60608673095703125 67.9710845947265625 67.6307525634765625 67.32912445068359375 66.88927459716796875
109.82596588134765625 109.34954833984375 107.8007659912109375 105.8828887939453125 104.4304351806640625 102.3034515380859375 100.900177001953125 99.084259033203125 96.9840087890625 95.12567901611328125 92.9459991455078125 91.484649658203125 90.9189300537109375 90.10333251953125 89.1582794189453125 88.25292205810546875 87.4561767578125 86.26129150390625 86.187591552734375 83.0414276123046875 81.6548614501953125 80.79579925537109375 79.64289093017578125 78.49212646484375 77.2317047119140625 76.1929779052734375 74.7776336669921875 73.5110321044921875 72.6777801513671875 72.23406982421875 72.0152130126953125 71.78924560546875 71.33478546142578125 70.97319793701171875 70.678253173828125 70.1103515625 69.7859954833984375 69.4002685546875 68.93646240234375 68.5999908447265625 68.22118377685546875 67.70653533935546875 67.3030548095703125
110.08554840087890625 109.138671875 107.6440277099609375 105.9325103759765625 104.0774688720703125 102.113189697265625 100.39337921142578125 98.9156951904296875 97.1658477783203125 94.61589813232421875 92.7572784423828125 91.408477783203125 90.822265625 90.0653533935546875 89.07476806640625 88.2069549560546875 87.3877716064453125 87.357879638671875 86.3499298095703125 82.8502960205078125 81.83831787109375 80.7035980224609375 79.68959808349609375 78.5273284912109375 77.28948974609375 76.353179931640625 75.1094512939453125 73.703155517578125 72.844146728515625 72.84307098388671875 72.864349365234375 72.4324798583984375 71.9369049072265625 71.45257568359375 71.1692657470703125 70.74483489990234375 70.234161376953125 69.738800048828125 69.330047607421875 68.62851715087890625 68.2872467041015625 67.73565673828125 67.38866424560546875
110.10689544677734375 109.0701751708984375 107.9291839599609375 105.80696868896484375 103.6175079345703125 102.0521240234375 100.202850341796875 98.64418792724609375 97.5543365478515625 95.06316375732421875 93.4212188720703125 91.7024078369140625 91.1073455810546875 90.1834259033203125 89.04618072509765625 88.2496185302734375 87.5093994140625 86.8012542724609375 86.15631103515625 83.3133392333984375 82.0204010009765625 80.8220062255859375 79.6399078369140625 78.6663055419921875 77.77222442626953125 77.35042572021484375 76.7155303955078125 74.59429168701171875 73.8307342529296875 73.73865509033203125 73.3699188232421875 72.808929443359375 72.32329559326171875 71.741546630859375 71.516326904296875 70.956695556640625 70.38608551025390625 69.838958740234375 69.1324462890625 68.655731201171875 68.086578369140625 67.65921783447265625 67.33170318603515625
109.7681732177734375 108.852264404296875 107.5904388427734375 105.6843719482421875 104.045684814453125 102.49697113037109375 100.2294769287109375 98.67697906494140625 97.09136199951171875 95.33392333984375 93.9070892333984375 91.899932861328125 91.10852813720703125 90.11810302734375 89.39691925048828125 88.740478515625 87.57619476318359375 86.3515625 85.1365203857421875 83.4622344970703125 82.225616455078125 81.00113677978515625 79.6492462158203125 78.933380126953125 78.4523468017578125 77.9880523681640625 77.15439605712890625 75.3696746826171875 74.67578125 74.30446624755859375 73.8612060546875 73.029876708984375 72.7108154296875 72.13904571533203125 71.7458038330078125 71.236724853515625 70.7862091064453125 69.81516265869140625 69.4410552978515625 69.0276031494140625 68.809295654296875 67.9670867919921875 67.5267486572265625
109.876983642578125 108.6205291748046875 107.541961669921875 105.8161773681640625 104.64764404296875 102.69419097900390625 100.02899169921875 98.5811004638671875 97.088714599609375 95.642852783203125 94.0435028076171875 91.770782470703125 90.93682098388671875 90.4163818359375 89.66082763671875 89.152496337890625 87.6401824951171875 86.36397552490234375 85.008697509765625 83.43959808349609375 82.1170196533203125 81.1502838134765625 80.32073974609375 79.7233734130859375 78.9062652587890625 78.5621490478515625 77.64569091796875 76.21849822998046875 75.397308349609375 74.97784423828125 74.10345458984375 73.677825927734375 73.2476806640625 72.7807769775390625 72.403594970703125 71.7960968017578125 71.112640380859375 70.6562652587890625 70.0994415283203125 69.5329132080078125 69.126800537109375 68.71733856201171875 68.30121612548828125
110.468109130859375 108.91790771484375 107.4957275390625 105.74059295654296875 105.0909576416015625 104.056884765625 99.8931732177734375 98.50034332275390625 97.1045989990234375 95.6901702880859375 94.3765869140625 92.4003753662109375 91.69863128662109375 90.543914794921875 89.7718353271484375 88.84537506103515625 87.5660400390625 86.145294189453125 84.9675445556640625 83.29297637939453125 82.2186431884765625 81.6154632568359375 80.8368682861328125 79.765533447265625 79.4595489501953125 78.8733367919921875 77.9892578125 76.66619873046875 76.001953125 75.2113037109375 74.9016571044921875 74.2656707763671875 73.6703033447265625 73.2240447998046875 72.61180877685546875 71.97563934326171875 71.41478729248046875 71.2129364013671875 70.52776336669921875 70.158416748046875 69.5994873046875 69.2349090576171875 68.72906494140625
110.1327667236328125 109.04943084716796875 107.4416046142578125 105.585601806640625 105.08095550537109375 104.92957305908203125 100.13306427001953125 98.6151123046875 97.217559814453125 95.8004150390625 93.993743896484375 92.2947235107421875 91.54604339599609375 90.5539398193359375 89.7952880859375 88.730743408203125 87.63466644287109375 86.12918853759765625 84.641265869140625 83.8611907958984375 82.652191162109375 81.9138641357421875 81.0947418212890625 80.4772796630859375 79.95831298828125 78.99169921875 77.8825531005859375 77.18359375 76.416595458984375 76.089263916015625 75.61742401123046875 74.952606201171875 74.11151123046875 73.4541473388671875 72.69736480712890625 72.33197021484375 71.96758270263671875 71.62319183349609375 71.143280029296875 70.71598052978515625 70.3185577392578125 69.7610626220703125 69.3256683349609375
110.33667755126953125 109.0239105224609375 107.3976287841796875 105.7971343994140625 104.681884765625 102.816802978515625 101.29754638671875 99.261199951171875 97.1282196044921875 95.5746002197265625 93.45822906494140625 92.45013427734375 91.56540679931640625 90.741668701171875 89.7927398681640625 89.00748443603515625 87.8172149658203125 86.374114990234375 85.12860107421875 84.31671142578125 83.430877685546875 82.42922210693359375 81.8975677490234375 81.3220367431640625 80.4141693115234375 79.2595062255859375 78.07781982421875 77.7052459716796875 77.05043792724609375 76.7180023193359375 75.9926910400390625 75.2876739501953125 74.6682586669921875 73.8135833740234375 73.30550384521484375 72.8485107421875 72.47650146484375 72.0485687255859375 71.6019439697265625 71.371490478515625 70.5122222900390625 70.001251220703125 69.3663177490234375
110.5570831298828125 109.05579376220703125 107.56884002685546875 105.9258880615234375 104.450347900390625 103.3134002685546875 102.33341217041015625 100.0519866943359375 98.56372833251953125 95.5884857177734375 93.7444305419921875 92.63483428955078125 91.735931396484375 90.9386138916015625 89.96508026123046875 88.82160186767578125 87.7694549560546875 86.77225494384765625 85.34191131591796875 85.383453369140625 84.4810943603515625 83.2733917236328125 82.76175689697265625 82.05789947509765625 80.779937744140625 79.81769561767578125 79.120513916015625 78.522064208984375 77.8749237060546875 77.2114715576171875 76.22936248779296875 75.994537353515625 75.1219940185546875 74.48638916015625 73.787109375 73.54410552978515625 73.163818359375 72.58675384521484375 72.2599334716796875 71.756927490234375 70.60107421875 69.7521514892578125 69.1092071533203125
110.7945098876953125 109.37975311279296875 108.008331298828125 106.38156890869140625 104.93475341796875 103.8778228759765625 102.236572265625 100.0984954833984375 98.50028228759765625 96.058380126953125 94.3319549560546875 93.13613128662109375 92.1457366943359375 91.8041534423828125 90.345245361328125 89.463653564453125 88.1790313720703125 87.1547088623046875 86.715972900390625 86.22278594970703125 85.2662811279296875 83.7249298095703125 83.41854095458984375 82.18930816650390625 81.4586334228515625 80.53564453125 79.9515838623046875 79.804931640625 79.02898406982421875 78.30364990234375 77.2268218994140625 76.34154510498046875 75.6686859130859375 75.0010223388671875 74.6944732666015625 74.1013946533203125 73.642425537109375 73.1838226318359375 72.68439483642578125 71.8543243408203125 70.8149566650390625 70.2476043701171875 69.3670806884765625
110.9382781982421875 109.34908294677734375 108.10773468017578125 106.75708770751953125 105.2062530517578125 103.88875579833984375 101.7981719970703125 100.296783447265625 98.7989959716796875 96.610687255859375 94.8349609375 93.5719757080078125 92.82161712646484375 91.9411468505859375 91.0423431396484375 89.6940155029296875 88.784088134765625 88.0562896728515625 87.4849090576171875 87.032379150390625 85.703887939453125 84.99605560302734375 84.18204498291015625 82.73152923583984375 81.9720458984375 81.683502197265625 81.14775848388671875 80.45013427734375 79.547943115234375 78.6708831787109375 77.7470855712890625 76.858795166015625 76.38721466064453125 75.77950286865234375 75.0684814453125 74.630706787109375 74.1396026611328125 73.42790985107421875 72.7322845458984375 71.792449951171875 71.5925140380859375 71.2235870361328125 70.2064666748046875
110.8759765625 109.693206787109375 108.334136962890625 107.077239990234375 105.6886444091796875 104.1766510009765625 102.05120086669921875 100.44757843017578125 98.96088409423828125 97.08773040771484375 95.3963775634765625 94.64666748046875 93.52312469482421875 92.5946807861328125 91.290618896484375 90.2031097412109375 89.83689117431640625 88.83032989501953125 88.30816650390625 87.90213775634765625 86.225982666015625 85.1889801025390625 84.1876373291015625 83.27947235107421875 82.6077728271484375 82.3411712646484375 81.712799072265625 80.844818115234375 79.94803619384765625 78.905975341796875 78.1354217529296875 77.6588897705078125 76.9101104736328125 75.7540740966796875 75.50449371337890625 75.099151611328125 74.52449798583984375 74.068939208984375 73.2867279052734375 72.6240234375 72.19306182861328125 71.779449462890625 71.21300506591796875
110.9493408203125 109.5449371337890625 108.6221923828125 107.88433074951171875 105.7984619140625 104.4418182373046875 102.392822265625 100.835205078125 99.29364013671875 97.58502197265625 96.12941741943359375 95.18470001220703125 94.0093841552734375 93.2093505859375 91.852081298828125 90.76949310302734375 90.7331085205078125 89.63330841064453125 89.22922515869140625 88.1900177001953125 86.7447052001953125 85.7234039306640625 85.0879364013671875 84.1674652099609375 83.566925048828125 83.0698394775390625 82.24230194091796875 81.44048309326171875 80.69586181640625 79.83158111572265625 78.482757568359375 77.96164703369140625 77.05297088623046875 76.64798736572265625 76.4072418212890625 75.5908966064453125 74.94837188720703125 74.4529876708984375 73.989471435546875 73.1625213623046875 72.993560791015625 72.62561798095703125 71.7514190673828125
111.1728973388671875 109.65779876708984375 108.57489013671875 107.4835357666015625 106.12198638916015625 104.6119384765625 102.5464935302734375 101.14035797119140625 99.654144287109375 98.3019561767578125 97.29389190673828125 95.96772003173828125 94.692291259765625 93.62274169921875 92.6508636474609375 92.035980224609375 91.48232269287109375 90.40712738037109375 90.0163116455078125 88.5715484619140625 87.3823699951171875 86.8484039306640625 85.82691192626953125 85.24071502685546875 84.60608673095703125 83.96932220458984375 82.64080047607421875 81.680450439453125 80.757476806640625 80.2477874755859375 79.498504638671875 78.3553466796875 77.97551727294921875 77.4537506103515625 76.8204345703125 76.0568695068359375 75.49997711181640625 75.136993408203125 74.4214019775390625 74.3100433349609375 73.52400970458984375 72.5328826904296875 72.0275726318359375
111.804290771484375 110.207122802734375 108.657318115234375 107.52135467529296875 106.1551361083984375 104.59647369384765625 103.13173675537109375 101.26650238037109375 99.9424896240234375 99.155426025390625 98.0950775146484375 96.6577911376953125 95.390838623046875 94.3821868896484375 93.70246124267578125 92.6776885986328125 92.5836334228515625 91.468505859375 90.79024505615234375 89.347808837890625 88.260467529296875 87.57175445556640625 86.4091949462890625 86.14886474609375 85.21344757080078125 83.9573516845703125 82.96996307373046875 82.11785888671875 81.8494415283203125 80.921722412109375 80.186767578125 79.3449859619140625 78.6875152587890625 77.9706573486328125 77.4710540771484375 76.75942230224609375 76.107635498046875 75.63543701171875 75.11717987060546875 74.4085845947265625 73.4018402099609375 72.79680633544921875 72.460357666015625
111.8273468017578125 110.2020721435546875 108.75511932373046875 107.7289581298828125 107.10169219970703125 105.5796661376953125 103.5704803466796875 102.08612823486328125 100.91290283203125 99.95136260986328125 99.01207733154296875 97.4656829833984375 96.31610107421875 95.3528594970703125 94.4416961669921875 94.0675201416015625 93.6662445068359375 92.4036102294921875 91.4747467041015625 89.80523681640625 89.3571014404296875 88.116790771484375 87.582794189453125 86.75720977783203125 85.6540069580078125 84.3419952392578125 83.71173095703125 83.19312286376953125 82.5052642822265625 81.6878509521484375 80.826202392578125 79.8321075439453125 79.34881591796875 78.56793212890625 77.6829986572265625 77.1698150634765625 76.605438232421875 75.95421600341796875 75.3788909912109375 74.4563446044921875 73.84426116943359375 73.4846649169921875 72.6539154052734375
