TestData/Ryggfonn_2021/dem_5m.asc
ncols         459
nrows         633
xllcorner     408397.75
yllcorner     6870084.11
cellsize      5
NODATA_value  -9999
[rows 112 to 139 of 633, columns 63 to 125 of 459]
1272.458 1276.59 1283.84 1288.021 1291.946 1296.637 1300.776 1306.456 1311.149 1315.787 1320.022 1322.76 1326.405 1329.755 1332.566 1336.829 1339.228 1342.079 1342.583 1341.187 1338.92 1335.035 1332.466 1329.655 1325.176 1322.704 1319.331 1315.547 1309.199 1306.744 1304.776 1301.625 1297.954 1295.743 1292.433 1291.907 1288.108 1285.546 1282.445 1278.49 1275.199 1273.809 1271.301 1267.019 1261.578 1254.403 1248.937 1243.473 1236.652 1231.007 1225.592 1218.401 1214.164 1209.046 1204.165 1204.241 1232.907 1238.565 1238.552 1234.802 1230.192 1227.277 1236.361
1273.735 1277.484 1283.479 1288.001 1291.835 1297.618 1301.67 1308.002 1311.832 1315.665 1320.239 1322.432 1325.326 1328.513 1331.508 1335.559 1337.177 1339.692 1338.944 1338.386 1335.35 1332.796 1329.57 1326.095 1323.97 1321.219 1316.736 1311.277 1307.692 1303.304 1300.762 1298.08 1295.157 1292.287 1287.822 1287.581 1284.104 1281.514 1278.255 1275.261 1272.294 1270.372 1267.632 1262.86 1255.113 1246.888 1239.691 1234.453 1229.982 1226.359 1216.087 1211.127 1207.854 1203.621 1196.673 1194.2 1224.246 1233.19 1233.472 1231.023 1226.604 1221.928 1229.539
1274.333 1278.253 1283.207 1288.631 1291.652 1297.833 1302.871 1307.168 1311.609 1315.683 1318.987 1321.465 1324.131 1327.438 1331.272 1333.196 1334.753 1336.561 1335.557 1334.584 1331.764 1328.877 1326.532 1323.963 1322.485 1319.159 1315.55 1311.201 1307.109 1303.255 1299.839 1296.463 1293.027 1288.898 1284.593 1282.41 1279.855 1276.907 1273.893 1270.297 1267.856 1265.98 1263.863 1257.987 1249.496 1238.794 1232.477 1227.398 1224.206 1222.122 1207.86 1201.076 1197.115 1193.927 1189.068 1189.05 1212.075 1227.619 1228.967 1224.22 1222.544 1218.014 1214.848
1276.126 1279.587 1283.418 1288.188 1292.195 1297.489 1302.359 1306.803 1309.999 1314.467 1318.047 1320.604 1323.491 1326.028 1328.59 1330.988 1330.721 1331.519 1331.034 1331.968 1328.864 1326.222 1324.842 1322.03 1320.072 1316.286 1313.342 1309.486 1305.252 1301.34 1296.407 1292.902 1290.57 1286.519 1283.054 1278.812 1275.136 1273.265 1269.339 1266.358 1264.204 1263.238 1259.335 1243.634 1238.468 1231.705 1227.437 1222.912 1219.323 1212.501 1198.347 1194.761 1190.937 1186.226 1180.989 1184.606 1206.159 1220.42 1222.397 1218.449 1218.635 1214.662 1210.197
1275.68 1280.217 1283.904 1287.844 1293.404 1297.02 1302.153 1305.884 1309.771 1312.85 1316.06 1319.466 1321.804 1324.176 1326.648 1327.611 1327.887 1327.723 1328.454 1328.729 1327.305 1324.842 1322.778 1320.227 1317.389 1314.32 1310.633 1306.12 1303.067 1296.062 1290.533 1286.368 1286.575 1282.32 1278.439 1273.677 1271.498 1268.646 1264.962 1262.65 1255.455 1240.658 1238.281 1235.427 1232.006 1227.409 1223.837 1219.826 1210.575 1201.923 1194.898 1191.116 1185.387 1181.407 1175.306 1181.985 1198.978 1208.842 1215.318 1211.389 1211.825 1207.761 1204.094
1275.634 1280.085 1283.848 1287.467 1293.488 1297.286 1301.524 1305.041 1308.402 1311.44 1314.827 1317.254 1319.716 1320.438 1321.44 1323.082 1325.858 1323.546 1325.107 1324.616 1319.01 1317.135 1316.058 1311.167 1312.526 1308.932 1308.395 1301.889 1288.79 1286.992 1283.034 1277.175 1276.531 1273.834 1269.987 1257.834 1253.413 1250.178 1246.222 1241.696 1238.553 1237.269 1233.938 1232.121 1229.766 1225.107 1220.959 1216.331 1203.604 1197.711 1191.739 1186.726 1181.416 1177.622 1170.665 1178.669 1188.361 1202.556 1207.005 1205.121 1205.048 1201.787 1196.971
1275.879 1280.54 1284.402 1288.165 1292.967 1297.088 1300.471 1304.325 1306.732 1311.012 1312.98 1314.97 1316.302 1317.069 1319.274 1322.227 1321.093 1318.966 1317.226 1314.794 1311.83 1308.5 1307.024 1302.526 1292.904 1288.035 1284.837 1281.495 1279.701 1275.77 1272.361 1268.863 1266.369 1261.263 1256.6 1252.545 1247.913 1243 1239.389 1236.339 1233.055 1231.509 1228.371 1227.141 1224.849 1221.591 1216.999 1211.681 1199.024 1191.382 1186.318 1180.006 1174.472 1171.619 1163.979 1173.628 1171.441 1196.861 1200.217 1200.289 1199.521 1196.217 1192.771
1276.59 1279.961 1284.285 1288.675 1292.882 1296.555 1299.677 1302.794 1304.899 1308.873 1309.957 1312.539 1311.825 1313.905 1317.704 1317.56 1315.208 1311.901 1308.94 1306.349 1303.145 1300.508 1292.094 1288.999 1286.324 1283.335 1280.154 1276.535 1273.333 1270.252 1267.845 1264.555 1261.216 1255.74 1252.017 1248.652 1244.098 1239.725 1234.996 1230.277 1226.766 1225.453 1219.886 1217.46 1218.767 1215.243 1209.868 1204.651 1190.13 1185.035 1176.542 1172.424 1163.716 1163.867 1156.664 1165.06 1163.508 1190.935 1193.7 1196.251 1193.55 1189.15 1189.129
1275.746 1280.142 1283.71 1288.13 1292.303 1294.991 1299.149 1301.627 1303.504 1305.929 1307.412 1308.221 1310.857 1313.18 1314.397 1312.518 1309.368 1306.041 1303.134 1299.954 1297.645 1293.21 1289.563 1286.353 1283.563 1281.01 1277.566 1274.565 1271.724 1268.252 1264.724 1261.191 1256.667 1252.943 1248.901 1245.474 1241.093 1236.045 1231.46 1227.145 1222.893 1217.92 1212.585 1211.235 1206.181 1205.724 1201.369 1195.073 1184.526 1175.13 1170.866 1166.036 1157.173 1153.74 1151.527 1156.73 1161.97 1185.517 1188.2 1190.04 1186.289 1185.61 1186.187
1275.907 1279.83 1283.269 1287.464 1290.682 1293.556 1297.914 1300.224 1301.583 1302.518 1303.947 1305.486 1308.986 1311.291 1309.524 1307.525 1303.208 1299.591 1296.665 1292.907 1290.671 1287.262 1283.733 1281.211 1279.202 1277.216 1275.328 1272.564 1269.475 1265.795 1262.256 1258.676 1254.355 1250.221 1245.368 1241.032 1236.964 1232.393 1227.644 1221.908 1215.455 1210.036 1205.15 1199.817 1196.56 1192.342 1188.533 1182.874 1176.905 1170.48 1165.874 1160.389 1151.868 1148.436 1145.451 1151.464 1166.033 1183.324 1184.769 1184.128 1182.094 1182.97 1181.384
1276.216 1279.672 1282.55 1286.379 1289.162 1291.989 1296.151 1299.046 1298.443 1299.283 1300.848 1302.665 1305.357 1307.29 1303.864 1300.749 1297.302 1294.314 1291.15 1287.443 1284.782 1281.548 1278.682 1275.901 1273.401 1269.206 1266.799 1264.748 1262.295 1260.68 1258.267 1254.389 1250.199 1245.708 1240.605 1234.577 1230.182 1226.031 1221.638 1217.334 1208.879 1203.481 1197.7 1194.346 1191.08 1185.901 1181.011 1176.893 1172.13 1167.361 1160.706 1155.13 1148.434 1143.153 1140.101 1144.92 1169.265 1177.35 1178.802 1179.456 1177.852 1177.981 1174.614
1275.997 1278.677 1282.749 1285.323 1287.849 1291.36 1294.052 1295.465 1294.937 1296.169 1297.805 1299.082 1300.851 1301.388 1298.507 1295.163 1292.404 1288.401 1284.838 1280.349 1278.438 1275.586 1272.685 1269.508 1266.738 1263.91 1261.644 1259.539 1255.284 1253.05 1250.44 1247.373 1244.207 1240.179 1234.236 1227.974 1223.076 1217.536 1213.379 1208.278 1203.267 1198.25 1193.177 1189.003 1184.796 1180.205 1176.174 1171.935 1168.512 1164.24 1157.541 1151.769 1145.579 1136.887 1136.48 1141.203 1160.393 1172.964 1175.448 1174 1174.122 1172.871 1170.157
1275.091 1278.132 1281.22 1283.969 1286.63 1290.085 1292.521 1291.914 1292.271 1293.186 1294.367 1297.214 1299.595 1296.154 1293.135 1289.485 1285.613 1282.801 1277.133 1275.379 1271.583 1268.231 1265.284 1262.139 1259.387 1256.473 1252.952 1250.352 1247.275 1244.376 1240.183 1238.742 1235.418 1229.515 1224.917 1220.229 1215.437 1210.77 1206.009 1202.12 1198.862 1193.23 1189.582 1185.011 1179.801 1175.357 1171.433 1167.625 1164.329 1160.384 1154.183 1148.897 1143.463 1131.955 1133.021 1135.89 1150.844 1167.089 1168.277 1170.438 1170.673 1169.575 1167.555
1273.533 1277.176 1280.281 1282.489 1285.657 1288.887 1288.825 1288.542 1289.77 1290.551 1291.833 1292.898 1293.402 1290.787 1287.244 1283.782 1281.434 1276.849 1272.974 1268.388 1264.018 1260.925 1259.203 1257.309 1254.822 1251.805 1248.375 1245.418 1242.131 1237.763 1234.511 1231.113 1227.77 1222.775 1219.383 1214.754 1210.831 1206.076 1202.299 1198.506 1194.572 1189.345 1185.055 1181.068 1176.282 1170.656 1166.46 1162.603 1159.067 1155.022 1150.036 1143.874 1138.135 1125.11 1129.097 1134.19 1148.229 1161.332 1166.074 1167.776 1166.519 1167.578 1162.261
1272.469 1275.493 1278.604 1281.431 1284.401 1285.881 1285.72 1286.924 1287.367 1287.143 1288.791 1290.685 1288.503 1285.651 1282.566 1279.716 1276.439 1272.401 1269.087 1264.945 1260.016 1257.031 1254.781 1252.697 1250.041 1247.508 1244.83 1241.616 1237.128 1233.59 1229.969 1225.422 1221.428 1218.282 1213.131 1209.504 1205.303 1201.805 1197.885 1194.777 1189.621 1185.478 1182.022 1175.845 1171.608 1166.715 1161.459 1156.606 1152.203 1148.112 1143.455 1136.416 1130.344 1118.557 1126.605 1137.321 1146.159 1156.096 1161.414 1163.656 1163.889 1162.727 1156.907
1271.415 1274.004 1276.637 1279.001 1281.56 1283.367 1283.333 1283.732 1284.056 1283.169 1283.657 1285.67 1282.782 1281.553 1277.673 1275.078 1271.944 1268.625 1265.172 1260.272 1256.993 1252.607 1250.026 1247.081 1246.035 1242.28 1239.756 1235.825 1233.158 1229.99 1226.14 1221.266 1216.61 1212.523 1207.73 1203.795 1199.824 1196.208 1192.961 1188.736 1184.402 1181.234 1176.849 1173.137 1167.522 1163.27 1156.901 1153.536 1148.263 1143.49 1136.855 1131.025 1124.078 1113.343 1124.268 1137.95 1143.215 1148.212 1155.651 1159.143 1159.082 1156.082 1149.355
1269.076 1271.534 1273.316 1276.932 1280.167 1279.191 1280.44 1280.267 1279.444 1278.618 1279.28 1280.647 1278.533 1275.824 1272.99 1270.434 1267.041 1263.852 1259.978 1256.528 1252.624 1248.568 1244.551 1241.833 1239.448 1236.97 1233.374 1231.112 1228.38 1225.365 1221.705 1217.57 1213.149 1207.577 1202.918 1198.797 1194.172 1190.263 1186.277 1182.443 1178.468 1175.235 1170.565 1165.208 1160.623 1156.246 1151.88 1144.96 1140.726 1136.533 1131.059 1123.975 1118.472 1107.199 1120.724 1134.478 1138.846 1138.584 1141.294 1152.559 1151.577 1144.148 1140.683
1267.037 1268.818 1270.976 1273.792 1275.879 1275.816 1276.651 1275.976 1275.038 1275.14 1277.181 1276.946 1274.042 1270.712 1267.196 1264.927 1260.736 1257.861 1256.05 1252.816 1248.819 1244.531 1240.274 1236.867 1233.869 1229.912 1227.565 1226.052 1222.965 1220.17 1216.71 1213.33 1208.492 1203.456 1199.245 1193.69 1188.666 1184.86 1180.527 1176.037 1172.296 1168.342 1163.2 1158.639 1155.304 1148.943 1144.294 1138.444 1134.039 1128.282 1124.564 1116.93 1111.552 1101.889 1115.735 1130.945 1134.446 1129.58 1123.24 1132.519 1129.077 1128.957 1128.849
1265.289 1266.812 1269.717 1272.332 1272.406 1272.376 1271.732 1272.21 1271.2 1271.209 1271.331 1268.387 1265.725 1263.331 1260.93 1258.078 1255.06 1252.058 1248.78 1247.592 1243.844 1240.371 1236.672 1233.154 1230.224 1226.264 1221.733 1217.838 1215.431 1213.496 1209.967 1206.624 1203.334 1199.357 1194.859 1190.179 1185.181 1181.443 1178.561 1171.118 1167.14 1162.406 1157.953 1153.203 1148.451 1143.161 1136.59 1132.422 1127.244 1122.183 1118.8 1109.973 1103.359 1097.531 1108.832 1123.606 1120.332 1117.743 1114.893 1121.983 1124.974 1126.409 1126.53
1262.666 1263.275 1266.953 1269.226 1268.806 1268.547 1268.065 1267.83 1266.311 1262.652 1260.806 1262.547 1259.35 1256.954 1253.643 1250.227 1247.964 1245.96 1243.986 1240.931 1237.848 1234.822 1232.094 1229.294 1226.402 1221.438 1216.69 1213.099 1210.024 1206.845 1203.95 1199.656 1195.868 1192.967 1189.096 1185.8 1180.711 1177.253 1174.422 1166.539 1161.248 1155.652 1150.634 1146.567 1141.368 1134.901 1132.241 1127.972 1122.394 1117.402 1109.853 1104.966 1098.249 1092.529 1101.463 1117.464 1117.16 1112.287 1108.149 1116.226 1123.662 1124.238 1123.395
1260.041 1260.863 1265.596 1265.76 1263.13 1261.506 1259.627 1259.885 1261.196 1258.199 1253.774 1250.886 1249.436 1246.838 1247.974 1245.01 1242.265 1240.115 1236.991 1233.468 1231.025 1228.914 1226.893 1224.835 1221.546 1216.723 1212.322 1208.708 1204.539 1201.468 1197.147 1193.727 1190.656 1187.03 1183.584 1178.74 1175.77 1171.256 1168.583 1164.323 1155.797 1151.575 1146.122 1139.033 1133.887 1129.751 1127.673 1122.68 1117.601 1112.024 1104.57 1099.425 1091.533 1086.361 1096.122 1111.442 1111.419 1106.89 1101.746 1113.123 1119.821 1119.162 1120.068
1255.176 1256.557 1260.536 1259.365 1256.385 1253.372 1253.434 1250.949 1250.894 1249.129 1246.225 1245.837 1242.452 1239.037 1235.864 1236.043 1237.577 1234.625 1231.792 1227.94 1224.641 1224.076 1220.947 1217.08 1215.014 1210.763 1207.966 1202.993 1200.531 1196.482 1193.247 1189.873 1186.142 1182.476 1178.382 1175.067 1170.748 1166.168 1162.404 1158.304 1152.361 1146.142 1138.205 1133.648 1128.01 1126.573 1122.48 1117.583 1112.55 1104.236 1099.728 1092.725 1087.552 1081.609 1091.034 1102.931 1104.112 1099.122 1095.503 1099.919 1110.028 1115.666 1117.503
1249.221 1252.859 1251.295 1252.394 1251.313 1248.269 1244.494 1245.598 1243.14 1239.683 1238.529 1235.785 1236.892 1233.731 1230.124 1228.724 1226.962 1227.322 1225.074 1223.194 1220.13 1216.913 1213.55 1211.705 1209.329 1206.509 1202.093 1199.902 1196.152 1193.087 1189.615 1185.787 1182.062 1177.675 1173.933 1170.875 1166.187 1161.736 1157.13 1152.912 1145.884 1139.763 1131.669 1127.731 1125.228 1122.774 1117.33 1112.267 1104.244 1099.873 1095.765 1088.922 1083.1 1076.428 1085.837 1094.406 1097.603 1094.043 1090.388 1093.132 1110.59 1109.087 1115.871
1244.316 1247.511 1244.386 1242.018 1244.618 1241.534 1237.753 1239.274 1238.221 1234.991 1231.195 1227.589 1227.828 1226.591 1224.026 1220.253 1218.4 1217.56 1215.889 1216.615 1215.555 1212.222 1206.804 1206.147 1203.054 1199.75 1196.899 1194.603 1192.384 1189.917 1186.199 1181.652 1178.109 1174.129 1169.202 1165.828 1160.655 1156.521 1152.246 1146.352 1139.691 1134.184 1126.354 1122.633 1120.862 1116.705 1111.627 1106.774 1100.025 1095.761 1090.72 1086.442 1077.094 1071.444 1081.368 1087.973 1091.802 1088.662 1084.42 1088.636 1105.41 1104.976 1107.27
1238.515 1241.036 1238.163 1236.55 1237.19 1235.301 1232.075 1227.865 1231.039 1227.967 1225.882 1222.971 1218.971 1216.611 1215.245 1213.27 1212.104 1210.74 1209.109 1206.715 1205.817 1203.918 1201.121 1199.5 1196.992 1193.457 1192.692 1190.518 1187.973 1184.73 1181.909 1178.445 1174.561 1170.009 1165.287 1161.348 1156.067 1151.117 1146.026 1141.245 1133.803 1126.956 1121.537 1118.797 1114.633 1111.299 1106.422 1102.701 1095.749 1090.786 1086.194 1081.737 1070.489 1066.151 1076.404 1082.404 1083.136 1082.879 1079.227 1079.351 1095.228 1101.014 1100.736
1233.789 1233.997 1231.842 1232.922 1231.214 1229.503 1225.987 1222.598 1223.362 1220.919 1217.84 1217.506 1214.552 1210.898 1209.19 1208.789 1205.927 1204.047 1202.731 1200.744 1198.296 1197.243 1195.425 1192.918 1190.527 1189.929 1187.787 1185.197 1182.003 1179.225 1175.544 1173.688 1170.051 1165.852 1160.588 1155.728 1150.42 1144.357 1140.328 1134.153 1127.278 1121.681 1117.105 1112.666 1110.092 1105.547 1102.673 1099.779 1092.588 1083.731 1080.909 1075.999 1066.234 1062.983 1071.957 1076.732 1076.503 1078.886 1074.421 1071.85 1090.58 1095.797 1092.264
1230.015 1229.392 1227.745 1227.443 1226.991 1223.678 1219.301 1216.188 1214.356 1213.989 1211.392 1210.393 1209.616 1206.151 1204.457 1202.889 1199.375 1197.062 1195.75 1194.809 1193.14 1190.498 1188.583 1187.05 1184.516 1182.415 1181.125 1178.675 1175.948 1173.738 1170.649 1167.553 1164.049 1159.938 1154.09 1149.447 1143.66 1137.463 1134.029 1127.82 1121.626 1116.515 1112.77 1108.902 1104.742 1100.987 1099.595 1095.905 1089.481 1078.961 1073.72 1065.119 1060.918 1056.363 1065.164 1063.422 1068.834 1072.059 1068.222 1066.791 1089.145 1086.684 1085.665
1227.841 1224.243 1223.678 1222.563 1220.729 1216.789 1212.338 1209.436 1208.311 1207.309 1204.973 1204.417 1202.433 1200.454 1198.435 1196.761 1194.594 1191.65 1190.843 1188.736 1187.241 1185.068 1182.802 1181.479 1179.529 1177.067 1174.818 1172.305 1169.596 1167.648 1164.817 1161.322 1157.645 1152.776 1147.458 1142.318 1136.762 1129.936 1126.611 1121.798 1117.147 1112.05 1109.581 1106.617 1103.04 1098.835 1094.711 1090.09 1085.042 1072.955 1065.158 1059.475 1054.449 1049.867 1058.846 1057.713 1059.914 1063.447 1061.916 1061.938 1080.843 1080.17 1076.674
