TestData/Ryggfonn_2021/dem_5m.asc
ncols         459
nrows         633
xllcorner     408397.75
yllcorner     6870084.11
cellsize      5
NODATA_value  -9999
[rows 252 to 279 of 633, columns 252 to 314 of 459]
680.6806 681.1183 680.1731 680.7619 681.5838 681.7025 681.0842 682.7377 684.3516 683.4828 684.2158 687.1568 688.3546 690.4125 692.2991 694.3027 695.6581 697.3216 698.0289 698.1257 700.68 703.9592 704.8219 706.0251 705.3282 703.7537 705.9815 709.9443 711.6338 712.3287 713.5972 714.4154 716.0649 720.1259 721.593 721.6993 722.8303 724.2065 724.2667 725.6884 729.2466 732.7818 737.3057 742.1132 744.2496 746.7375 747.8312 749.7184 753.1943 757.4276 759.9528 760.9363 759.7603 762.5102 765.1032 767.9567 770.1989 772.6061 775.0742 778.9615 782.3189 785.5663 790.6679
682.8558 682.4716 681.94 683.6498 683.888 684.6907 684.6151 685.2609 686.5264 687.079 687.9183 688.7629 691.3046 693.4703 695.4327 697.4108 698.5336 700.2121 701.7713 701.9288 702.3701 704.7238 707.6435 708.9095 708.6114 707.2144 708.0751 712.3064 715.072 715.5978 716.3991 716.186 717.9025 721.1855 724.7145 725.8753 725.8452 726.8232 728.1268 729.3809 730.9028 733.5876 738.2959 744.1302 746.8454 748.8069 750.7732 751.4253 754.5747 758.2779 760.83 763.2416 763.7474 764.9247 767.3211 769.069 772.5042 774.7875 777.8446 781.3583 784.6489 787.7588 790.9883
684.1112 683.8438 684.5575 686.1933 685.7401 687.127 688.0565 687.6824 690.1133 690.8226 690.8984 692.3989 694.548 696.5601 698.3182 700.553 701.9185 702.9555 705.0397 705.4379 705.3593 706.326 708.6903 711.7443 711.2249 709.8212 709.7945 713.6114 717.5469 718.7161 719.3478 720.2122 720.8036 721.3675 727.0405 728.6878 728.8866 729.663 732.2459 733.4891 737.1689 734.8021 737.9578 744.6252 748.4509 750.8264 753.0674 754.6479 756.4363 759.7976 762.3144 764.8989 765.7739 767.2504 769.5259 772.2756 774.275 777.4971 779.7196 783.568 787.8392 789.6886 792.9668
685.9035 686.5798 688.1345 688.5904 688.1625 689.6488 690.876 690.696 692.7958 694.5919 694.6372 695.4484 696.4885 699.5113 700.424 703.4319 705.0022 706.3994 707.8375 709.2764 709.368 710.9604 711.1608 713.6009 713.7458 712.132 712.5055 715.9515 720.4081 721.9958 723.1733 723.9407 724.8423 725.7097 726.7466 730.2634 731.515 733.0222 735.4572 736.7876 738.6187 739.9106 740.2228 741.4295 748.374 753.0771 755.1485 757.5253 759.0114 761.1829 763.8598 766.4498 767.9498 769.1602 771.6818 774.6578 776.1876 779.91 782.2458 785.1232 788.3764 792.3132 795.1482
688.0734 689.3209 690.6596 691.5372 691.6558 692.3318 693.6157 694.7367 694.9559 696.3871 696.7023 699.006 699.9311 703.3341 704.6021 706.5007 708.1946 709.6243 711.0422 712.0356 713.7756 714.1511 714.9489 715.467 716.1007 714.8211 714.5903 717.3839 721.9932 724.7122 726.751 727.8201 728.539 729.5714 728.9271 731.3637 733.801 735.0925 738.1404 739.8776 741.1901 743.0157 743.6579 742.2374 748.9466 754.0481 757.2012 759.4087 761.6358 763.8676 766.7851 769.3246 771.1691 773.1588 775.224 777.2978 781.0701 782.6744 785.4911 788.0472 790.7123 794.0366 796.1426
690.6094 692.1639 694.2078 695.2047 696.3602 697.2571 697.9403 698.7388 698.8506 699.5119 700.9176 701.9714 704.0734 705.2997 708.5055 709.6549 711.8371 712.7455 714.0255 716.5056 718.0674 718.0195 719.0786 719.5782 718.8662 718.2331 717.5157 719.3624 722.8333 726.2794 729.6237 730.686 731.7026 732.4427 731.4967 734.1324 736.3524 738.5813 740.5995 742.6723 744.2087 746.5459 747.1153 747.9867 749.3124 754.5045 759.0229 761.9591 764.604 766.7922 769.3044 772.0511 774.2059 776.668 778.0548 778.7798 782.9285 785.566 787.6234 790.1625 792.38 796.1641 798.855
693.3008 695.0041 696.8736 698.4651 699.8032 700.8458 701.5199 702.8372 704.038 704.5589 707.13 707.6353 708.6469 708.2702 710.3481 712.7145 714.6492 716.0373 717.6575 719.3214 720.67 721.3129 722.4523 722.7617 722.2783 721.0897 720.1855 721.6598 724.1972 727.8608 731.8508 733.7078 734.4576 735.202 735.2033 736.5632 739.1171 741.8862 744.2816 745.8829 747.9568 749.6865 751.7357 752.6308 752.3421 756.2755 760.0817 764.2651 767.3239 770.2826 773.5751 775.8003 777.45 779.2862 780.7142 782.5369 784.8771 787.5144 789.4166 792.0654 794.4499 797.7206 800.4046
695.8804 697.7618 699.5997 702.0092 702.845 703.9205 704.6681 705.9527 706.5851 707.8475 709.703 710.5758 711.7985 712.6742 714.5831 714.9219 717.5477 718.9968 721.0825 722.6051 723.735 724.9449 724.8141 725.7738 724.7011 723.8184 723.4186 724.0677 726.3061 729.1522 731.6033 736.2722 737.9446 738.1033 738.7494 737.9222 740.4211 745.648 747.3625 748.7692 750.3328 752.2059 753.8232 755.7986 756.7678 756.0206 760.769 764.7053 769.2295 772.5621 775.3621 778.1104 780.1309 782.0443 784.0311 785.6564 786.3005 788.655 791.1918 794.1873 796.5328 800.1508 802.7305
699.7766 701.4691 702.7734 704.6023 705.847 706.7654 708.0568 708.8738 710.0264 710.9817 712.4468 712.634 713.8494 716.8371 719.1356 717.9521 719.711 722.4542 723.6385 726.2704 726.7285 728.3741 728.923 728.3703 727.009 726.3012 726.3021 726.7114 729.1945 731.4564 733.3171 736.6249 740.9412 742.1747 742.1779 741.4512 742.1931 746.3064 749.799 751.5462 753.1829 754.8744 756.9333 759.0626 760.3311 759.7528 761.6212 765.6899 769.6665 774.0606 777.3594 780.1458 782.2233 784.2003 786.1013 788.4398 789.538 789.9104 792.3938 795.2473 797.6315 801.1916 803.9145
702.0834 703.0806 705.6614 707.2408 708.5044 709.8162 710.9233 711.5475 712.6207 714.1169 715.5182 715.2211 716.032 717.1782 720.7679 720.9609 722.8904 724.4333 725.9998 728.4307 729.6505 730.0966 730.8258 730.7717 729.3679 729.072 729.2853 729.8464 731.4752 734.294 735.7863 738.5742 742.7236 745.3445 745.6469 745.0974 745.1208 746.2463 750.688 753.4396 755.8985 757.2567 760.6789 762.3149 764.2016 764.5717 763.1003 765.4312 769.3856 774.213 779.0292 782.1321 784.7692 786.5848 789.006 790.7307 792.583 792.9075 794.0364 796.3718 799.3611 802.3383 805.6264
705.5966 706.2897 708.3457 709.6688 710.8256 712.1957 713.4402 713.964 715.2626 716.2018 717.3085 718.0457 718.6 719.9089 721.3926 722.8499 725.6548 727.2001 728.9847 731.0327 731.225 732.902 733.3907 733.3518 732.4892 732.9676 732.358 731.9946 734.061 736.1371 737.8903 740.6656 744.6276 747.9082 748.78 748.4769 748.8513 749.9922 751.1838 754.5857 758.1731 760.3355 763.0425 765.5663 767.3833 768.9714 769.935 768.3474 769.6663 773.5006 778.4167 782.3676 786.5317 789.1403 791.0798 792.9562 795.4686 797.2922 798.4124 798.2641 800.6859 803.7079 807.8224
708.1174 710.0483 710.9631 712.1102 713.2056 714.5457 715.6296 716.4484 717.327 718.3046 720.1637 721.129 720.8369 722.8676 724.6026 725.9928 727.4567 729.841 730.2885 731.5438 732.8901 735.1016 736.2426 735.4847 735.8381 736.838 735.9087 735.1046 735.4839 738.1669 739.9889 742.7199 746.0366 750.0339 751.2192 751.4874 752.3138 753.4883 754.1182 755.6447 759.9812 763.025 765.36 768.1762 770.6512 772.4561 773.0129 773.7833 773.1562 775.3544 777.7167 781.7929 786.1837 790.3127 793.1111 795.1216 797.1819 799.7866 801.9151 802.5262 802.9683 805.3855 809.1735
708.0743 711.6906 713.5035 714.4584 715.6157 716.9012 718.097 719.0253 719.5814 720.4399 721.702 722.5948 723.6819 725.2994 726.3688 728.3099 728.9201 730.2684 731.596 733.5043 735.3833 737.1782 737.9641 737.9312 738.7844 740.6487 740.0097 738.2408 738.4666 740.4344 741.8663 743.7901 746.4692 749.5421 753.0099 754.7892 755.4761 756.6033 758.414 758.9183 759.2739 763.7713 767.8222 771.7654 774.8063 776.9456 777.8287 777.6083 778.4915 777.9189 777.4005 781.9153 785.9395 790.1817 794.7597 797.0428 799.1946 801.4846 803.785 805.6852 806.1899 807.1219 810.1788
708.6448 710.5502 714.138 716.8293 718.0519 719.0676 720.1653 720.8882 721.9095 722.5535 723.0875 723.7011 725.8494 727.0289 728.0306 728.6578 730.0599 731.5742 733.6091 736.2439 737.9543 739.3881 740.4092 740.8237 741.3171 743.2569 743.6461 742.3064 741.324 743.0084 744.6878 746.9374 748.4835 751.202 753.4828 757.3047 758.517 759.741 761.112 762.6843 763.1606 763.8547 766.7559 771.946 775.7339 778.8436 781.332 782.6511 782.6615 782.3337 780.6012 781.3568 784.8039 789.9607 793.9945 798.6141 801.4348 803.3299 805.0167 808.2737 808.7048 809.2772 810.8573
711.923 711.4843 713.7369 717.4061 720.0649 721.3439 721.9606 723.0346 724.0842 724.6633 725.011 725.7415 727.6662 729.3109 730.0897 731.7092 733.4886 734.7357 736.2784 738.6409 740.6503 742.1925 743.4942 743.8224 744.4944 745.3779 746.9183 745.965 745.2614 746.1976 748.3723 749.5499 751.793 754.0867 755.4711 759.2198 761.1816 762.7656 763.829 766.1395 767.3033 767.5388 769.3365 772.3246 774.0823 777.7239 781.4095 784.1653 786.9566 786.0856 785.4246 784.3676 785.9602 788.1741 793.6804 797.5504 801.9868 805.3177 807.6218 809.8002 812.1295 811.8829 813.3149
714.1977 714.4803 714.6125 716.1389 720.1816 723.2201 724.2577 725.6498 726.5225 726.8897 727.0467 727.5307 729.8591 731.9894 732.9352 734.7964 735.6962 738.7017 738.8737 740.5012 742.8926 744.2424 745.9942 746.2916 747.2844 748.1154 749.7941 749.3097 749.1134 749.3034 751.0925 752.6075 754.9971 756.7657 758.6226 761.6827 763.5133 765.7001 767.6883 770.1084 771.5687 771.4497 772.4501 775.3745 777.2541 779.2913 779.9811 785.124 787.3276 789.6762 788.9315 788.4466 788.6035 789.8207 792.2064 796.2726 801.1212 805.2935 809.3962 812.4495 814.3542 814.8267 815.486
716.176 717.3977 717.4531 718.0342 719.8561 722.1854 726.3418 727.7889 728.5584 729.2318 729.7808 730.5176 732.4376 734.5851 737.5911 737.993 738.3472 740.3693 742.309 742.8007 745.4559 746.9559 748.6445 749.1926 750.6531 751.4226 752.5872 752.9942 752.0495 752.3735 753.3246 754.9967 757.998 759.9842 762.182 764.0164 765.8387 767.9543 770.3448 772.733 775.0894 776.0071 775.9131 778.869 782.2154 782.8141 783.6359 785.2244 788.4836 790.9445 791.5563 791.587 792.0364 791.6548 792.3058 795.8112 801.4896 805.9299 809.6175 813.6111 816.8667 818.7262 818.7791
717.9411 720.0438 721.2335 720.4457 721.3826 723.656 727.4609 729.8358 730.8154 731.4341 732.2834 733.6792 735.1829 737.3604 739.4882 740.785 742.2679 742.6337 744.3998 745.5797 747.1605 748.5795 750.8112 752.4317 753.1608 754.8889 754.8641 756.011 755.9921 756.6477 756.5257 757.4835 759.2626 762.1024 764.9509 765.8047 769.1997 770.8027 773.3552 775.2882 777.5542 779.2846 780.1935 781.9103 784.9982 786.3183 787.1955 788.2109 788.7119 792.1067 793.5848 794.4993 794.7567 795.1675 795.3832 796.7499 801.3464 805.5671 809.6777 813.8974 818.1226 821.5752 822.9121
719.9968 721.9308 723.8137 723.5552 723.4942 726.4948 727.7294 731.5106 733.0398 733.5724 735.3264 736.6946 737.5946 739.5853 740.8752 743.034 745.1174 744.766 747.0955 747.3524 748.3551 752.0242 752.6236 755.0837 756.3858 757.5477 758.1799 758.7866 759.3217 758.4745 760.1384 760.49 761.2929 763.2912 766.9135 768.9857 771.1807 773.8306 775.7551 778.0472 779.9976 782.4063 783.0598 784.3559 787.1744 789.9651 791.1321 792.1986 791.5226 794.2518 795.9734 797.0302 797.9717 798.9367 800.0678 798.5474 800.7095 805.0034 808.8563 814.2178 818.2554 822.762 826.3175
721.9507 722.8418 725.2778 726.803 725.8972 726.8807 728.4524 732.174 735.0218 735.7808 737.3226 738.7706 739.8685 742.0491 743.5102 744.6525 747.0176 748.4079 748.8022 749.9773 752.3138 753.1534 754.4151 758.2244 759.3845 759.5854 760.3514 761.1776 761.8356 761.9736 762.2449 763.3118 764.1669 766.2617 768.6673 771.7468 773.8184 775.8554 778.3339 780.4427 782.873 784.7999 786.1469 787.2514 789.0713 792.748 794.3512 795.2883 796.0433 795.6227 798.646 799.8434 801.282 803.3546 803.3965 802.496 803.0527 804.7583 808.926 815.0918 821.0131 824.4369 827.9531
723.923 725.1959 726.4572 728.676 729.4001 730.0667 730.9847 733.09 735.7915 738.468 739.8342 741.0352 742.6797 743.9612 745.3141 746.4963 749.0344 750.5716 750.4813 752.0524 753.4409 756.4857 756.3017 758.553 760.7751 761.9327 762.2311 763.5823 764.7772 765.6236 766.1475 767.0795 766.4822 768.6906 771.4258 773.8597 775.9156 778.4249 781.206 783.6511 785.7578 787.3725 789.3217 789.5102 791.6326 795.055 797.7115 798.7628 799.2818 799.1225 800.0999 802.392 803.9823 805.34 806.6339 807.1985 807.4442 809.3386 810.2626 815.9908 822.3215 828.4316 833.1545
726.0345 726.903 728.2092 730.3317 732.1118 732.4734 733.5958 735.1825 736.1876 740.4667 742.2623 743.6875 744.9614 746.4508 747.4973 748.4703 750.0815 752.1884 753.9035 754.9123 756.1459 757.7601 758.9165 760.1177 761.5023 763.6084 764.7067 765.8579 766.727 767.8138 768.7985 770.0115 769.8475 771.0585 773.2045 776.067 778.0433 780.7202 783.8727 785.8316 788.5795 790.634 792.2585 793.6122 794.8737 797.4465 800.6001 802.062 802.4197 802.6106 801.8004 805.0344 807.675 809.2242 811.1257 811.2708 811.548 811.7979 814.905 818.5628 828.1031 834.5522 837.8951
728.5905 729.7184 730.3454 731.6103 734.3082 735.1765 735.8801 737.4332 737.4625 741.0702 743.8382 745.6862 747.096 748.4604 750.1211 751.0667 752.6537 754.3712 755.6605 757.0831 758.1771 758.9567 760.2651 762.562 764.4695 765.3616 767.3408 767.9502 768.808 769.6606 771.3805 772.8223 773.0848 773.3069 775.0304 777.9707 780.2021 782.8527 785.2974 787.8501 791.092 793.4872 795.3397 796.9905 798.4482 799.8795 803.804 805.6741 805.896 805.6182 805.3599 807.7949 809.6638 812.3856 814.8378 815.8643 815.7632 816.0305 817.9256 820.5251 823.8644 835.9294 841.4435
730.6648 731.5088 732.7506 733.7004 736.5836 738.0905 738.7522 740.2853 739.0071 741.3962 745.3578 747.9021 749.5433 751.2996 752.4769 753.6192 755.3945 756.5078 757.7736 759.7996 760.0812 761.0322 762.6822 763.7498 765.5744 767.2213 768.4775 770.1262 771.1364 771.8079 773.6149 775.7611 776.1938 775.2335 778.4298 780.468 783.7803 784.71 787.0443 789.3922 793.1083 796.0719 798.1785 800.2432 801.7422 803.9252 806.7468 808.9412 809.2776 809.2496 809.2427 808.8365 811.7959 814.0628 816.4861 818.7333 819.5833 820.6761 825.0399 823.1876 826.9604 837.9391 842.6084
733.2133 733.9622 735.1879 736.5856 739.0342 740.8602 742.5072 743.1691 741.9577 742.8909 746.1759 749.2147 751.5422 753.2725 755.157 756.3279 757.7834 759.3024 760.4894 761.8372 762.7471 763.8666 764.6229 765.6541 767.1866 768.6167 770.0042 771.3734 772.8958 774.248 776.2318 777.8405 779.3964 779.3812 780.7212 783.0068 784.4906 787.1362 789.0102 791.1146 793.7367 797.7447 800.5107 803.0967 805.306 807.2386 810.0632 812.203 812.8304 812.6595 812.2762 812.1717 814.1594 816.326 818.2894 822.5568 824.6632 824.9326 830.1113 828.7529 829.2048 833.7042 844.9279
735.2404 736.5862 737.3875 739.6915 741.3746 742.9669 745.0285 746.4059 744.8895 744.6981 746.5616 750.3011 753.4971 756.0315 757.9069 758.9681 760.6536 762.0641 762.9043 763.8305 765.5342 765.8491 767.254 767.7501 768.9133 771.0129 773.1121 774.4097 775.956 776.9144 778.2365 780.2957 781.9758 781.7764 783.422 785.6461 787.3237 788.6431 791.2819 793.4169 796.0967 799.0106 801.9943 805.5675 807.7578 810.1412 812.5223 814.4441 816.5394 816.4464 816.0877 815.5263 815.6874 818.5431 821.9883 825.0234 827.7501 830.0844 833.1341 834.5816 833.3802 834.9376 845.5912
738.185 739.4255 740.4058 742.5303 744.1524 745.5448 747.0843 748.877 748.6858 746.722 748.7632 752.3718 755.324 758.5475 760.4737 761.6141 763.0797 764.8475 766.0121 767.1293 768.1465 769.0333 770.1711 770.0985 771.1252 772.8857 774.8878 776.3868 778.5157 779.8697 780.575 782.7997 785.0758 785.3075 786.1664 788.3463 790.8514 791.3499 794.2787 795.5585 798.2326 801.2014 803.4466 807.4154 809.8931 811.5883 813.8018 816.1431 818.5087 820.5626 819.9804 819.2644 818.9592 820.7112 824.0621 827.4352 830.2542 833.202 835.2615 838.7999 839.1202 839.8143 839.2349
740.7829 741.8947 743.5496 744.8203 746.6511 748.2575 749.5787 750.7712 751.874 749.7487 750.7534 754.049 756.6104 759.9521 762.9915 764.6469 765.5128 767.0802 768.5461 770.1392 771.1304 771.938 771.7004 773.1755 773.6873 775.9922 778.0182 778.8143 780.6322 782.5579 784.2657 785.2869 787.4232 789.0154 789.1138 791.2669 795.7258 795.4411 797.2937 797.9852 799.6379 802.7504 805.4585 808.8264 811.0937 812.954 815.1911 817.2903 820.4717 822.8925 824.1003 823.4323 822.977 823.5474 826.2927 830.6962 833.4911 836.39 840.4401 844.6176 845.7634 843.7206 842.2363
