TestData/Ryggfonn_2021/dem_5m.asc
ncols         459
nrows         633
xllcorner     408397.75
yllcorner     6870084.11
cellsize      5
NODATA_value  -9999
[rows 140 to 167 of 633, columns 378 to 440 of 459]
789.7987 791.35 792.8139 794.5573 796.4039 798.2134 799.8357 801.4274 802.6513 803.6735 804.8638 805.9555 807.1628 808.369 809.7152 810.8433 812.3618 814.1251 815.6864 816.999 818.7938 820.623 822.7894 824.6254 826.6945 828.7418 831.0414 833.4609 836.0095 838.5409 840.8893 842.9506 844.8748 847.1668 849.5993 853.9106 858.0668 858.4503 859.6467 862.3175 864.4617 867.0294 868.168 870.5082 873.7642 876.2851 879.1414 882.194 885.915 892.0408 906.1686 913.2587 917.2534 921.6162 930.1107 937.3807 944.4288 951.1005 956.5869 960.8216 965.0198 968.6114 972.019
790.6268 792.0498 793.6591 795.5071 797.1544 799.0706 800.9514 802.0746 803.2917 804.5833 805.5528 806.726 807.8331 809.249 810.1265 811.6319 813.1366 814.6532 816.04 818.1384 819.9028 821.4484 823.2596 825.2078 827.4261 829.7033 831.7211 833.7665 836.2134 838.869 841.4386 843.7079 845.9998 849.0858 851.8766 853.9618 857.0638 859.3994 861.8128 863.5038 865.7001 868.1439 870.439 872.3654 874.2493 876.6494 879.6804 883.0543 886.6821 891.8472 901.4425 915.1649 919.2766 923.8672 931.2531 939.3542 946.8615 953.808 958.5389 962.8981 967.0787 971.7839 975.5181
791.6545 793.1465 795.0788 796.2704 797.9139 799.3934 801.045 802.4773 804.1202 805.174 806.569 807.5052 808.4966 809.62 810.7475 812.2225 813.5962 815.4828 817.1494 819.264 820.6805 823.0582 824.5001 826.5088 828.3387 830.6431 832.7562 834.7516 837.0609 839.433 841.9767 845.5828 848.0936 850.6412 853.2958 855.6301 857.9738 860.5908 862.6599 865.3953 867.4819 869.1278 871.6202 873.7725 876.0001 878.0078 880.2691 883.4107 887.0842 891.2755 898.7419 915.9386 920.8505 926.7592 932.6767 938.3241 948.6904 955.12 960.07 964.6324 969.8997 973.8627 977.4944
792.6627 794.127 795.5867 797.059 798.657 800.2264 801.7075 803.1752 804.7344 805.9689 807.8697 808.3498 809.2424 810.4927 811.5182 813.1966 814.6957 816.789 818.9086 819.8678 821.4208 823.4346 825.3338 827.1725 829.1016 831.6292 833.6208 835.6765 838.4661 840.6702 843.6096 846.5367 849.504 852.4639 854.7144 857.0084 859.5691 861.9297 864.4473 865.954 869.2203 871.2904 872.6896 874.8286 877.4241 879.6465 882.1469 884.9184 887.5255 891.9297 901.9367 915.6172 922.0977 926.8586 932.9564 937.7964 946.0347 956.7781 961.6514 966.3271 970.8203 976.1449 981.0069
793.7694 795.0275 796.1701 797.8782 799.529 801.1489 802.5655 803.778 805.045 806.2322 807.5436 808.5579 809.8785 811.2567 812.3687 813.7659 814.9402 817.2846 819.2004 820.6983 822.1531 823.8024 825.7238 827.7982 830.086 832.0789 834.5916 836.5847 839.2604 841.9142 844.4974 847.2202 850.1642 853.968 856.4159 858.8134 861.2191 863.9277 866.0421 868.6243 870.4478 872.9948 874.6871 876.3083 878.363 880.9576 883.5206 886.5819 892.0979 894.1507 903.2953 916.0759 923.198 929.6574 933.2169 939.1268 945.7639 955.7289 962.751 968.2791 972.3913 976.8996 983.5125
794.5925 795.9653 797.342 798.8435 800.7241 802.086 803.3755 804.8041 806.0128 807.0154 807.6937 809.1243 810.4222 811.6267 813.116 814.5925 816.2122 818.1132 821.1563 821.7556 823.0521 824.452 826.0688 828.3812 830.2878 832.6928 834.9993 837.575 840.2106 842.5466 845.1964 848.1212 851.0259 853.899 857.0002 860.0109 862.5424 865.0541 867.6739 869.8736 872.629 874.536 876.1289 878.0298 879.8448 882.7186 885.2828 888.9456 896.5342 901.1215 909.1639 914.0649 924.4398 931.5396 934.9086 941.3059 948.1288 957.2455 964.3924 969.8224 974.4686 977.7328 984.49
795.6238 796.9615 798.4008 800.0121 801.679 803.0093 804.0554 805.7227 807.0673 808.3255 808.7184 809.9463 811.1664 812.153 813.7774 815.294 816.8963 818.6708 820.7458 822.5486 824.1146 825.6028 826.8875 828.7691 831.062 833.2247 835.3815 838.8132 841.5125 843.3549 846.0306 848.7442 851.5924 854.6306 857.6874 860.6092 863.6764 866.6939 868.736 871.4073 873.9807 876.3802 878.2681 879.2783 881.6072 883.7524 887.9693 894.624 903.7985 912.4847 918.6398 924.6073 925.1302 932.4186 937.2388 942.3502 950.4319 957.3777 966.3373 970.8082 975.3185 978.8355 983.0361
796.7936 797.9863 799.267 800.7836 802.6605 804.0109 804.8633 806.0966 807.3885 808.7916 809.7034 810.4794 811.5477 812.7159 813.9916 816.1229 818.1065 819.3915 821.21 822.9338 824.7054 826.4141 828.1006 829.7568 831.6014 834.08 836.5631 839.0209 842.0216 844.3616 846.7427 849.455 852.3707 855.1834 858.123 861.0801 864.4286 867.2343 869.9873 872.7203 875.2973 877.8516 880.2415 882.0995 882.9091 886.2258 890.9742 899.2156 909.3193 915.8254 920.7988 926.1398 929.8913 933.2558 937.601 944.054 950.8427 960.4296 968.1047 972.5671 976.9192 980.3017 984.654
797.4955 798.9173 800.1996 801.7414 803.2803 804.5579 806.0873 806.9466 808.0358 809.0725 810.4271 811.4424 812.3706 813.3901 814.8516 816.3474 819.8894 820.3909 821.5837 823.5381 825.0507 827.0782 828.8448 830.558 832.4625 834.8809 837.1298 839.694 843.1898 845.4067 848.1658 850.8182 853.3396 856.2343 858.8433 861.7546 864.6581 867.3204 870.1567 873.1751 876.2219 879.3197 881.8424 884.106 885.1391 889.0094 897.0405 907.4681 911.4157 917.6034 923.5164 926.938 932.0036 934.2477 939.328 946.1702 953.9985 962.5886 969.467 972.5723 976.8007 981.0058 985.465
798.0561 799.4662 801.1626 802.6263 804.0737 805.6667 806.6752 807.9058 808.8535 809.7983 810.7956 811.7339 813.0603 814.2576 815.7483 817.2074 819.1212 821.2202 822.6967 824.1252 825.5433 827.0334 829.3342 831.4965 833.4594 835.8452 838.2175 840.6196 844.1401 846.5222 848.9796 852.0116 854.6522 857.3151 860.0349 862.6647 865.5052 867.9772 870.4966 873.3492 877.974 880.5797 883.4054 886.0042 888.6083 897.332 904.1459 909.4271 914.2823 920.6979 925.0045 928.7819 932.8269 935.9863 941.2241 947.3359 957.7671 964.8 970.1571 974.3472 978.1511 983.157 987.1171
798.9555 800.4435 801.854 803.7586 805.1787 806.4183 807.4286 808.7128 809.55 810.5519 811.5623 812.655 813.709 814.7462 816.266 818.1037 819.7793 821.5784 823.5349 826.779 826.9592 828.1575 829.8621 832.1299 834.4185 836.8295 839.4267 842.0397 844.4667 847.5074 850.2545 852.8905 855.8342 858.6278 861.3943 864.2184 866.9098 869.6218 872.1769 874.9971 878.7888 882.269 884.9171 887.9835 893.7855 900.5563 905.9625 911.569 917.3358 922.6151 926.1694 929.8389 934.8613 938.7366 942.9498 948.5676 960.4263 966.4247 971.5621 974.9603 979.1246 984.1985 988.4651
799.7384 801.2235 803.0091 803.9728 805.656 807.2875 808.1696 809.1266 810.3871 811.2856 812.4899 813.4897 814.5702 815.8061 816.9619 818.6738 820.1206 822.2759 824.1532 825.7325 827.5883 829.3514 830.7846 832.8149 835.4296 837.8496 840.3602 843.1823 846.038 848.5818 851.2951 854.1619 857.0551 860.0327 863.0986 865.8738 868.5071 871.1658 874.1317 876.6907 881.6962 884.7823 888.3154 892.9628 897.8534 904.2096 908.6466 913.0638 920.0712 924.7196 928.2136 932.5236 936.4464 939.5522 943.4818 956.2346 961.6279 967.8369 973.5617 976.6757 980.118 985.5497 989.7686
800.4853 801.8024 803.1602 804.3965 806.0784 807.5253 808.6514 810.0001 810.9672 812.2592 813.1546 814.3065 815.4854 816.6873 818.445 819.5196 820.7981 822.447 824.4136 826.452 828.3148 830.135 832.1284 834.2477 836.4805 838.7002 841.3038 844.0457 846.9107 849.5698 852.5578 855.4541 858.1418 861.4198 864.6731 867.6594 870.4048 872.9781 876.126 878.8956 884.862 888.2405 890.9324 896.6895 903.751 906.9845 910.7582 916.3929 921.9624 926.4064 930.3134 934.3215 938.1491 943.3971 949.7489 957.8098 962.8547 972.8403 975.5987 978.6064 982.533 987.7039 991.4361
800.9807 802.2577 803.7923 805.0968 806.2988 807.5939 809.0551 810.524 811.7813 813.0444 813.9259 815.1145 816.1393 817.6229 818.8214 820.2868 821.6732 823.2819 825.01 826.9049 829.0441 831.2808 833.3096 835.7645 838.0207 840.3552 842.8589 845.528 848.2032 850.894 853.5348 856.3392 859.5717 862.8946 865.9844 869.0714 872.2365 875.3447 877.7205 880.5066 887.1195 890.5793 894.0703 900.194 907.0346 912.1293 915.0896 919.0247 924.1132 929.0131 933.1953 937.4766 940.6262 947.671 955.7516 960.994 969.7506 975.7097 977.9875 981.8116 985.276 989.7384 992.9658
801.2391 802.8564 804.0022 805.4651 806.8571 808.0895 809.5505 811.0089 812.5671 814.1321 814.9207 816.0216 817.0944 818.2054 819.7167 821.2235 822.5491 824.2206 826.1126 828.1615 830.0726 832.5521 834.576 837.2442 839.3745 841.8238 844.53 847.0757 849.5025 852.0092 854.8885 857.8346 860.7952 864.0018 867.2543 870.3606 873.4949 876.8716 879.2372 882.5553 889.0887 892.3306 897.1254 902.7725 909.4716 915.4522 920.6229 923.7078 927.0519 932.3494 937.1766 940.205 942.7725 949.9162 957.3696 962.085 973.4372 978.9996 982.6455 985.3621 990.6138 995.3448 996.1595
801.7451 803.1846 804.6677 805.9434 807.3104 808.6978 809.9814 811.2631 812.9591 814.6145 816.2781 816.8198 817.8336 819.0792 820.4309 821.9592 823.8136 825.4498 827.0798 828.9758 831.1843 833.1327 835.9072 838.293 840.655 842.9243 845.7652 848.4612 851.3986 853.7758 856.2861 858.9938 861.9515 865.0583 868.3569 871.9738 874.9777 877.8495 880.9297 885.0343 891.6556 895.0538 900.2988 904.9615 911.9829 918.7941 925.6983 929.0831 931.4645 935.2804 939.6135 942.8398 946.3372 950.8087 959.3227 968.441 975.6349 981.267 984.8022 989.9148 997.6275 1001.666 1001.982
802.417 803.5773 805.123 806.6407 808.0707 809.459 810.6675 811.8472 813.2365 814.8045 816.3964 817.2449 818.6798 819.9062 821.2194 822.7065 824.4816 826.3152 828.4931 830.5127 832.254 834.5145 836.6498 838.9805 841.4777 844.1117 846.6905 849.6299 852.5251 855.4056 858.402 861.2135 863.8184 866.6722 869.6866 873.1264 876.6016 879.228 883.7111 887.2404 892.9037 897.4173 902.8164 907.454 914.0765 919.7637 926.8022 931.9525 934.6675 938.1093 941.1473 944.788 947.7933 952.6071 966.9395 973.2117 983.1105 983.9211 989.6104 996.2133 1001.242 1004.866 1007.799
802.9432 804.3768 805.685 807.0583 808.3906 809.6974 811.1835 812.416 813.6586 814.9725 816.2448 817.9217 819.3604 820.4578 821.9863 823.6698 825.3725 827.5555 829.6499 831.5662 833.8871 835.7496 838.1569 840.3886 842.9744 845.3651 848.1374 850.6075 853.663 856.641 859.8213 862.9328 865.62 868.3021 870.9358 874.097 877.2824 881.2642 886.4346 890.001 894.6605 898.6094 904.331 910.3213 916.6107 921.8616 928.374 933.4264 937.1166 941.2394 944.7863 947.7234 950.7145 960.8239 974.2253 985.4074 986.1058 986.343 992.9894 999.5182 1004.334 1007.473 1011.831
803.7684 804.8188 806.1717 807.6191 808.246 810.2458 811.4669 813.2498 813.9766 815.368 816.5552 818.0872 819.5128 821.1351 822.7784 824.4218 826.3021 828.2828 830.2919 832.356 834.5389 837.2624 839.8354 841.897 844.7258 846.9959 849.7088 852.6066 854.9006 858.3664 861.2094 864.4136 867.54 870.2592 873.1658 875.8166 878.2274 885.4924 890.4644 893.4188 896.9678 901.0059 906.8059 911.3354 917.9281 923.6653 930.0932 935.3247 939.798 943.7176 946.8655 950.0652 953.9915 977.9843 985.8648 987.8901 989.6942 992.2852 997.5843 1002.707 1006.029 1009.996 1014.523
804.5734 805.9058 806.4902 807.2729 808.79 810.1005 811.3397 812.8745 814.0965 815.593 817.3395 818.6002 819.9446 821.6633 823.4504 825.6474 827.7714 829.54 831.4083 833.6926 835.7051 837.9466 840.6553 843.3871 846.0123 849.0592 851.8475 853.9332 856.7174 859.9872 862.9815 865.7007 868.7585 871.9141 875.0919 878.1567 880.3876 888.5316 894.9069 896.439 900.131 904.0684 912.1995 916.2493 919.7935 925.6193 931.2836 937.1174 942.3815 946.2065 949.2026 953.5146 963.8487 985.1907 990.0623 991.5669 993.9515 998.1772 1000.667 1006.194 1008.47 1011.742 1015.813
805.0901 806.4073 807.3333 808.1975 808.8859 809.999 811.5321 812.5865 813.9565 815.4403 817.9624 819.4141 821.032 822.5261 824.4271 826.5698 829.0883 830.9267 832.6506 834.6818 836.8678 839.5219 842.0286 844.7897 847.6856 850.5902 853.1998 855.9232 858.4739 861.8007 864.7048 867.6934 870.8536 873.5141 876.5735 879.6552 882.0253 890.3951 895.9706 899.4699 904.4558 910.7383 915.7839 919.5645 922.5287 928.3207 934.2393 938.959 943.9263 948.3002 951.7313 965.0292 984.3887 990.0007 994.3429 995.0011 999.4641 1004.677 1004.375 1008.374 1010.76 1014.664 1018.23
805.4827 806.4477 807.164 807.7261 809.0729 810.5927 811.483 812.6091 814.1132 816.2024 818.3542 820.134 821.7679 823.7271 825.4094 827.2291 829.4564 831.54 833.7673 835.953 838.1711 840.8712 843.5234 846.6553 849.0765 851.8767 854.8807 857.7537 859.9904 863.282 866.243 869.2263 872.633 875.7706 878.6746 880.9486 886.2247 892.0408 896.8166 901.4916 906.6543 913.1359 918.0773 922.0065 927.1934 931.4312 935.7657 940.4928 944.7745 951.7184 967.2885 977.7427 986.3409 993.6983 997.4587 998.3998 1000.216 1006.057 1009.311 1009.788 1013.117 1016.065 1019.488
805.5381 806.5878 807.4547 808.0838 809.2602 810.8699 812.0626 813.4064 815.3276 816.8829 818.6544 820.8229 822.9854 824.5799 826.2973 828.4957 830.5952 832.7903 835.1207 837.1203 839.6252 842.3926 845.2437 847.8349 850.6245 853.1881 856.1783 859.3381 862.1838 865.1938 867.908 870.6934 873.6719 876.9951 880.1356 883.3778 888.7192 894.5046 899.5051 903.5292 908.926 914.304 919.4056 924.9917 929.4011 933.1458 937.9015 941.5861 947.0686 968.3699 973.7933 979.5927 989.9246 996.0977 999.6995 1001.485 1003.461 1008.839 1011.773 1013.579 1015.325 1017.941 1022.843
805.8651 806.9838 807.891 808.683 810.1031 811.4316 812.8499 814.144 815.6372 817.0595 819.6358 821.8018 823.75 825.5444 827.486 829.6064 831.8751 834.3621 836.6566 838.7291 840.8294 843.5439 846.5622 849.4667 852.0025 854.9683 858.0405 861.0203 864.0386 866.8082 869.775 872.4531 875.4592 878.4745 881.8994 884.7759 887.8359 896.2933 903.0485 905.0952 910.7643 916.0481 922.1962 927.5505 931.6444 935.4954 939.7199 951.0626 966.8833 970.9203 975.7029 981.6758 992.4472 997.5251 1001.368 1003.788 1005.773 1009.439 1013.165 1015.821 1017.774 1020.079 1022.781
806.1443 807.0547 808.3068 809.4299 810.2046 811.6789 813.093 814.6114 816.1885 817.9951 820.13 822.6833 824.2687 826.424 828.8695 831.1258 833.2289 835.5833 837.951 840.0112 842.4257 845.2813 847.8762 850.7119 853.4745 856.6751 859.4111 862.4282 865.5219 868.5804 871.5994 874.3899 877.1119 880.3464 883.498 886.8239 890.5309 898.7629 904.3314 908.232 911.8625 917.0596 923.9616 932.113 935.4568 947.096 958.2756 963.1656 968.0931 973.5347 977.8772 987.0268 992.6747 998.2241 1001.779 1005.386 1007.703 1010.998 1015.612 1019.973 1021.514 1022.864 1024.93
807.0648 807.6686 808.9594 809.7613 810.9213 812.1179 814.0786 815.6682 817.1697 818.8467 820.847 823.0422 825.708 827.8439 830.3269 832.8355 834.517 836.4637 839.0328 841.48 843.9639 847.0137 849.526 852.3035 855.3182 858.3218 861.057 864.0472 867.0936 870.1677 873.3651 876.2225 879.1526 881.4725 885.0384 888.4418 893.5562 901.2048 905.3492 909.7004 912.8568 917.7253 924.7661 932.3508 946.3557 953.4879 960.0075 964.7937 970.3767 976.2011 983.1879 989.1937 994.0679 998.9907 1003.202 1006.586 1009.402 1012.86 1017.529 1022.035 1025.994 1025.677 1030.086
807.1663 808.8252 809.8211 810.521 811.9119 813.377 815.0278 816.3773 817.4619 819.5557 821.4539 824.0974 827.2371 829.5894 831.978 834.1552 835.7464 837.7767 840.2129 842.816 845.481 848.3139 850.9756 853.9921 856.8986 859.9129 862.6525 865.5536 868.4255 871.4468 874.7324 877.8383 880.9803 884.0901 885.8438 890.2414 897.7192 902.8421 908.0194 911.0699 916.0185 919.8497 924.9784 939.3966 949.5724 957.5826 961.9827 967.1391 971.8173 978.2439 986.0447 990.9063 994.8049 999.903 1005.586 1007.904 1011.643 1017.016 1022.102 1025.457 1028.739 1030.575 1039.345
808.1613 808.9265 810.4162 811.6053 812.7751 814.0059 815.7055 816.5098 818.7414 820.9708 822.7339 826.0217 828.9988 831.6104 833.9808 835.8022 837.4034 838.8174 841.4913 844.1662 847.1268 849.7599 852.6368 855.4655 858.1861 861.2479 864.3403 867.4426 870.3301 873.3857 876.2999 879.3018 882.6395 885.9421 888.6406 893.9703 899.4813 905.6021 909.2106 912.8039 918.6853 923.6761 927.0436 946.0219 951.7303 959.2163 963.839 968.1946 972.4902 979.5864 988.1944 992.5416 996.205 1001.206 1005.716 1010.484 1016.72 1021.669 1026.373 1031.473 1035.045 1038.573 1042.21
