TestData/Ryggfonn_2021/dem_5m.asc
ncols         459
nrows         633
xllcorner     408397.75
yllcorner     6870084.11
cellsize      5
NODATA_value  -9999
[rows 588 to 615 of 633, columns 63 to 125 of 459]
983.0222 986.553 989.9127 993.2725 996.6321 999.8107 1002.989 1006.168 1009.517 1012.866 1016.215 1020.235 1024.255 1028.276 1032.846 1037.416 1041.986 1046.478 1050.97 1055.461 1059.842 1064.223 1068.604 1072.286 1075.968 1079.651 1082.635 1085.619 1088.604 1091.61 1094.615 1097.621 1101.008 1104.394 1107.781 1111.838 1115.896 1119.953 1124.394 1128.835 1133.276 1140.763 1148.249 1155.735 1165.995 1176.256 1186.517 1193.735 1200.954 1208.172 1211.611 1215.05 1218.489 1220.54 1222.591 1224.642 1226.377 1228.112 1229.847 1230.919 1231.991 1233.064 1234.209
984.6902 988.3536 991.7773 995.201 998.6247 1001.787 1004.949 1008.112 1011.519 1014.927 1018.334 1022.581 1026.828 1031.074 1035.834 1040.594 1045.354 1049.859 1054.364 1058.869 1063.235 1067.6 1071.966 1075.812 1079.659 1083.505 1086.732 1089.959 1093.186 1096.224 1099.262 1102.301 1105.685 1109.069 1112.453 1116.485 1120.516 1124.547 1129.389 1134.231 1139.073 1147.536 1155.998 1164.461 1174.809 1185.157 1195.505 1201.746 1207.987 1214.228 1217.253 1220.277 1223.301 1225.456 1227.612 1229.767 1231.386 1233.004 1234.623 1235.486 1236.349 1237.212 1238.124
986.2225 990.0573 993.6428 997.2282 1000.814 1003.999 1007.185 1010.37 1013.943 1017.516 1021.089 1025.559 1030.03 1034.5 1039.263 1044.025 1048.787 1053.261 1057.736 1062.21 1066.513 1070.815 1075.118 1078.929 1082.74 1086.551 1089.833 1093.115 1096.397 1099.811 1103.224 1106.637 1110.091 1113.545 1116.999 1121.36 1125.722 1130.084 1136.369 1142.654 1148.939 1157.594 1166.25 1174.906 1183.877 1192.848 1201.819 1207.089 1212.36 1217.63 1220.911 1224.193 1227.474 1229.866 1232.258 1234.651 1236.194 1237.738 1239.281 1240.178 1241.075 1241.971 1242.829
987.7548 991.761 995.5082 999.2554 1003.003 1006.211 1009.42 1012.629 1016.367 1020.105 1023.843 1028.538 1033.232 1037.927 1042.691 1047.455 1052.22 1056.664 1061.108 1065.551 1069.791 1074.03 1078.269 1082.045 1085.821 1089.597 1092.935 1096.272 1099.609 1103.397 1107.185 1110.973 1114.497 1118.021 1121.544 1126.236 1130.929 1135.621 1143.349 1151.076 1158.804 1167.653 1176.502 1185.352 1192.945 1200.539 1208.133 1212.433 1216.732 1221.032 1224.57 1228.109 1231.647 1234.276 1236.905 1239.534 1241.003 1242.471 1243.939 1244.87 1245.8 1246.73 1247.535
989.2872 993.4647 997.3737 1001.283 1005.191 1008.423 1011.655 1014.887 1018.791 1022.694 1026.598 1031.516 1036.434 1041.353 1046.119 1050.886 1055.653 1060.066 1064.479 1068.893 1073.069 1077.245 1081.421 1085.162 1088.903 1092.644 1096.036 1099.428 1102.821 1106.984 1111.146 1115.309 1118.903 1122.496 1126.09 1131.112 1136.135 1141.158 1150.328 1159.499 1168.67 1177.712 1186.755 1195.797 1202.014 1208.231 1214.447 1217.776 1221.105 1224.433 1228.229 1232.025 1235.82 1238.686 1241.552 1244.418 1245.811 1247.204 1248.598 1249.561 1250.525 1251.489 1252.24
990.7131 994.9807 999.0172 1003.054 1007.09 1010.505 1013.921 1017.337 1021.531 1025.726 1029.921 1034.785 1039.65 1044.514 1049.253 1053.991 1058.729 1063.126 1067.523 1071.92 1076.074 1080.228 1084.382 1088.12 1091.859 1095.598 1098.802 1102.007 1105.212 1109.328 1113.443 1117.559 1121.863 1126.167 1130.471 1136.325 1142.179 1148.033 1157.014 1165.995 1174.976 1183.479 1191.983 1200.486 1206.432 1212.377 1218.322 1221.69 1225.057 1228.424 1232.162 1235.9 1239.638 1242.589 1245.539 1248.49 1249.96 1251.43 1252.899 1253.965 1255.031 1256.097 1256.858
992.139 996.4967 1000.661 1004.825 1008.988 1012.588 1016.187 1019.786 1024.272 1028.757 1033.243 1038.054 1042.865 1047.676 1052.386 1057.095 1061.805 1066.185 1070.566 1074.947 1079.079 1083.211 1087.343 1091.079 1094.815 1098.552 1101.569 1104.586 1107.603 1111.672 1115.74 1119.809 1124.823 1129.838 1134.852 1141.538 1148.223 1154.909 1163.7 1172.491 1181.282 1189.246 1197.211 1205.175 1210.849 1216.523 1222.197 1225.603 1229.009 1232.415 1236.095 1239.775 1243.456 1246.491 1249.527 1252.562 1254.109 1255.655 1257.201 1258.369 1259.537 1260.704 1261.476
993.5649 998.0127 1002.304 1006.596 1010.887 1014.67 1018.453 1022.236 1027.012 1031.789 1036.565 1041.323 1046.081 1050.838 1055.519 1060.2 1064.881 1069.245 1073.61 1077.974 1082.084 1086.194 1090.303 1094.037 1097.771 1101.505 1104.335 1107.165 1109.995 1114.016 1118.037 1122.059 1127.783 1133.508 1139.233 1146.75 1154.267 1161.784 1170.385 1178.986 1187.588 1195.013 1202.439 1209.865 1215.267 1220.669 1226.072 1229.516 1232.961 1236.406 1240.028 1243.651 1247.273 1250.394 1253.514 1256.634 1258.257 1259.88 1261.503 1262.773 1264.042 1265.312 1266.094
995.1112 999.6088 1004.006 1008.404 1012.802 1016.866 1020.93 1024.995 1029.701 1034.408 1039.115 1043.884 1048.653 1053.422 1058.154 1062.887 1067.62 1071.995 1076.37 1080.745 1084.822 1088.9 1092.977 1096.732 1100.488 1104.244 1107.551 1110.858 1114.165 1118.535 1122.905 1127.276 1133.462 1139.648 1145.834 1153.15 1160.465 1167.781 1176.185 1184.59 1192.995 1199.765 1206.535 1213.305 1218.723 1224.14 1229.558 1233.245 1236.933 1240.62 1244.176 1247.732 1251.288 1254.43 1257.571 1260.712 1262.404 1264.096 1265.787 1267.029 1268.271 1269.512 1270.279
996.6575 1001.205 1005.709 1010.213 1014.716 1019.062 1023.408 1027.753 1032.39 1037.027 1041.664 1046.444 1051.225 1056.006 1060.79 1065.574 1070.359 1074.744 1079.13 1083.516 1087.561 1091.606 1095.65 1099.427 1103.205 1106.982 1110.766 1114.551 1118.335 1123.054 1127.773 1132.492 1139.14 1145.787 1152.435 1159.549 1166.663 1173.777 1181.985 1190.194 1198.402 1204.517 1210.631 1216.745 1222.178 1227.611 1233.044 1236.974 1240.904 1244.834 1248.324 1251.814 1255.304 1258.466 1261.628 1264.79 1266.55 1268.311 1270.072 1271.286 1272.499 1273.713 1274.464
998.2039 1002.801 1007.411 1012.021 1016.631 1021.258 1025.885 1030.512 1035.079 1039.646 1044.213 1049.005 1053.797 1058.589 1063.425 1068.261 1073.097 1077.494 1081.89 1086.287 1090.299 1094.312 1098.324 1102.123 1105.921 1109.72 1113.982 1118.244 1122.506 1127.574 1132.641 1137.709 1144.818 1151.927 1159.036 1165.948 1172.861 1179.773 1187.785 1195.798 1203.81 1209.268 1214.727 1220.186 1225.634 1231.082 1236.53 1240.703 1244.876 1249.048 1252.472 1255.896 1259.319 1262.502 1265.685 1268.867 1270.697 1272.527 1274.356 1275.542 1276.727 1277.913 1278.648
1000.355 1004.971 1009.608 1014.245 1018.882 1023.505 1028.129 1032.752 1037.299 1041.846 1046.393 1051.186 1055.979 1060.772 1065.608 1070.443 1075.279 1079.805 1084.332 1088.858 1092.765 1096.671 1100.577 1104.269 1107.961 1111.653 1116.544 1121.435 1126.326 1132.321 1138.316 1144.31 1151.241 1158.171 1165.102 1172.145 1179.188 1186.231 1193.031 1199.831 1206.631 1211.996 1217.36 1222.725 1228.301 1233.877 1239.453 1243.69 1247.926 1252.163 1255.723 1259.283 1262.843 1266.056 1269.268 1272.48 1274.372 1276.263 1278.155 1279.287 1280.418 1281.55 1282.334
1002.506 1007.142 1011.806 1016.47 1021.133 1025.753 1030.372 1034.991 1039.518 1044.046 1048.573 1053.367 1058.161 1062.955 1067.79 1072.625 1077.461 1082.117 1086.773 1091.43 1095.23 1099.03 1102.83 1106.415 1110.001 1113.587 1119.106 1124.626 1130.146 1137.068 1143.99 1150.912 1157.664 1164.416 1171.168 1178.341 1185.515 1192.688 1198.276 1203.865 1209.453 1214.723 1219.994 1225.264 1230.968 1236.672 1242.376 1246.676 1250.977 1255.278 1258.975 1262.671 1266.367 1269.609 1272.851 1276.093 1278.046 1280 1281.953 1283.031 1284.109 1285.187 1286.02
1004.657 1009.312 1014.003 1018.694 1023.384 1028 1032.615 1037.231 1041.738 1046.245 1050.753 1055.548 1060.343 1065.138 1069.973 1074.807 1079.642 1084.428 1089.215 1094.001 1097.695 1101.389 1105.083 1108.562 1112.041 1115.52 1121.668 1127.817 1133.966 1141.815 1149.664 1157.513 1164.086 1170.66 1177.234 1184.538 1191.841 1199.145 1203.522 1207.898 1212.275 1217.451 1222.627 1227.802 1233.634 1239.466 1245.298 1249.663 1254.028 1258.393 1262.226 1266.059 1269.891 1273.163 1276.434 1279.705 1281.721 1283.736 1285.752 1286.776 1287.8 1288.824 1289.707
1007.051 1011.626 1016.21 1020.795 1025.379 1029.874 1034.368 1038.863 1043.338 1047.813 1052.288 1057.067 1061.846 1066.624 1071.48 1076.337 1081.193 1086.03 1090.866 1095.703 1099.468 1103.233 1106.998 1110.849 1114.7 1118.551 1125.328 1132.105 1138.882 1147 1155.119 1163.237 1169.472 1175.707 1181.942 1188.418 1194.894 1201.369 1205.75 1210.13 1214.51 1219.879 1225.248 1230.617 1236.49 1242.364 1248.237 1252.609 1256.982 1261.354 1265.17 1268.986 1272.802 1276.075 1279.348 1282.621 1284.794 1286.966 1289.138 1290.277 1291.417 1292.556 1293.565
1009.445 1013.939 1018.417 1022.896 1027.374 1031.748 1036.121 1040.495 1044.938 1049.381 1053.824 1058.586 1063.348 1068.111 1072.988 1077.866 1082.744 1087.631 1092.518 1097.405 1101.241 1105.077 1108.913 1113.136 1117.359 1121.582 1128.987 1136.392 1143.798 1152.186 1160.574 1168.961 1174.858 1180.754 1186.651 1192.298 1197.946 1203.594 1207.977 1212.361 1216.745 1222.307 1227.869 1233.431 1239.346 1245.261 1251.176 1255.556 1259.936 1264.316 1268.115 1271.913 1275.712 1278.987 1282.262 1285.537 1287.866 1290.195 1292.524 1293.779 1295.033 1296.287 1297.423
1011.839 1016.252 1020.625 1024.997 1029.369 1033.622 1037.874 1042.126 1046.537 1050.949 1055.36 1060.105 1064.851 1069.597 1074.496 1079.396 1084.295 1089.232 1094.17 1099.107 1103.014 1106.921 1110.828 1115.423 1120.018 1124.613 1132.646 1140.68 1148.714 1157.371 1166.029 1174.686 1180.244 1185.801 1191.359 1196.179 1200.998 1205.818 1210.205 1214.593 1218.98 1224.735 1230.49 1236.246 1242.202 1248.158 1254.114 1258.502 1262.889 1267.277 1271.059 1274.841 1278.623 1281.9 1285.177 1288.454 1290.939 1293.425 1295.91 1297.28 1298.649 1300.018 1301.281
1013.416 1017.729 1022.083 1026.437 1030.79 1035.087 1039.383 1043.679 1048.077 1052.474 1056.871 1061.615 1066.359 1071.103 1076.098 1081.092 1086.087 1090.98 1095.872 1100.765 1105.009 1109.254 1113.499 1118.49 1123.48 1128.471 1136.509 1144.547 1152.584 1160.922 1169.26 1177.597 1182.985 1188.372 1193.759 1198.41 1203.06 1207.711 1212.356 1217.002 1221.648 1227.506 1233.364 1239.222 1245.113 1251.004 1256.895 1261.388 1265.881 1270.373 1274.302 1278.232 1282.161 1285.475 1288.79 1292.104 1294.669 1297.234 1299.799 1301.382 1302.966 1304.549 1305.72
1014.993 1019.206 1023.541 1027.876 1032.211 1036.552 1040.892 1045.233 1049.616 1054 1058.383 1063.125 1067.867 1072.609 1077.699 1082.789 1087.879 1092.727 1097.575 1102.422 1107.005 1111.587 1116.17 1121.556 1126.943 1132.33 1140.371 1148.413 1156.455 1164.473 1172.491 1180.509 1185.726 1190.942 1196.159 1200.641 1205.122 1209.604 1214.508 1219.412 1224.316 1230.277 1236.238 1242.199 1248.025 1253.851 1259.676 1264.274 1268.872 1273.47 1277.546 1281.622 1285.698 1289.051 1292.403 1295.755 1298.399 1301.043 1303.687 1305.485 1307.282 1309.08 1310.159
1016.57 1020.683 1024.999 1029.316 1033.632 1038.017 1042.401 1046.786 1051.156 1055.525 1059.895 1064.635 1069.375 1074.115 1079.301 1084.486 1089.671 1094.474 1099.277 1104.08 1109 1113.92 1118.84 1124.623 1130.406 1136.188 1144.234 1152.28 1160.326 1168.024 1175.722 1183.42 1188.467 1193.513 1198.559 1202.872 1207.184 1211.497 1216.659 1221.821 1226.984 1233.048 1239.112 1245.176 1250.936 1256.697 1262.457 1267.161 1271.864 1276.567 1280.79 1285.013 1289.236 1292.626 1296.016 1299.406 1302.129 1304.852 1307.575 1309.587 1311.599 1313.611 1314.598
1017.735 1021.87 1026.188 1030.506 1034.823 1039.209 1043.595 1047.98 1052.374 1056.767 1061.16 1065.948 1070.735 1075.523 1081.008 1086.493 1091.978 1097.016 1102.053 1107.09 1112.138 1117.186 1122.234 1128.129 1134.023 1139.918 1147.414 1154.91 1162.406 1169.704 1177.003 1184.301 1189.552 1194.803 1200.053 1204.422 1208.79 1213.159 1218.55 1223.94 1229.331 1235.572 1241.814 1248.055 1253.836 1259.617 1265.398 1270.189 1274.981 1279.772 1284.173 1288.574 1292.975 1296.375 1299.774 1303.173 1305.87 1308.567 1311.264 1313.346 1315.428 1317.511 1318.56
1018.901 1023.058 1027.377 1031.696 1036.015 1040.401 1044.788 1049.175 1053.592 1058.009 1062.426 1067.261 1072.095 1076.93 1082.715 1088.5 1094.285 1099.557 1104.828 1110.099 1115.275 1120.451 1125.627 1131.634 1137.641 1143.648 1150.594 1157.54 1164.486 1171.385 1178.283 1185.182 1190.637 1196.092 1201.548 1205.972 1210.397 1214.821 1220.44 1226.059 1231.678 1238.097 1244.515 1250.934 1256.735 1262.537 1268.338 1273.218 1278.098 1282.977 1287.557 1292.136 1296.715 1300.123 1303.531 1306.94 1309.61 1312.281 1314.952 1317.105 1319.258 1321.411 1322.521
1020.066 1024.246 1028.566 1032.886 1037.206 1041.594 1045.982 1050.369 1054.81 1059.251 1063.691 1068.573 1073.455 1078.338 1084.422 1090.507 1096.592 1102.098 1107.604 1113.109 1118.413 1123.717 1129.021 1135.14 1141.259 1147.378 1153.774 1160.17 1166.566 1173.065 1179.564 1186.062 1191.722 1197.382 1203.042 1207.522 1212.003 1216.483 1222.331 1228.178 1234.026 1240.622 1247.217 1253.813 1259.635 1265.457 1271.279 1276.247 1281.215 1286.182 1290.94 1295.697 1300.455 1303.872 1307.289 1310.706 1313.351 1315.995 1318.64 1320.863 1323.087 1325.311 1326.483
1021.157 1025.392 1029.735 1034.078 1038.422 1042.84 1047.259 1051.677 1056.234 1060.79 1065.347 1070.54 1075.732 1080.925 1087.043 1093.162 1099.281 1104.856 1110.431 1116.006 1121.349 1126.692 1132.035 1138.068 1144.1 1150.133 1156.297 1162.46 1168.624 1174.81 1180.996 1187.183 1192.876 1198.569 1204.262 1209.097 1213.931 1218.766 1224.716 1230.666 1236.616 1243.239 1249.863 1256.486 1262.391 1268.295 1274.2 1279.194 1284.188 1289.181 1293.843 1298.505 1303.167 1306.626 1310.087 1313.547 1316.235 1318.924 1321.613 1323.927 1326.241 1328.556 1329.851
1022.248 1026.538 1030.904 1035.271 1039.637 1044.086 1048.536 1052.985 1057.657 1062.33 1067.003 1072.506 1078.009 1083.512 1089.664 1095.817 1101.969 1107.614 1113.259 1118.903 1124.285 1129.667 1135.049 1140.995 1146.941 1152.888 1158.819 1164.75 1170.681 1176.555 1182.429 1188.303 1194.03 1199.756 1205.483 1210.671 1215.86 1221.048 1227.101 1233.153 1239.206 1245.857 1252.508 1259.159 1265.147 1271.134 1277.122 1282.141 1287.161 1292.18 1296.746 1301.312 1305.879 1309.381 1312.884 1316.386 1319.12 1321.853 1324.586 1326.99 1329.395 1331.8 1333.219
1023.339 1027.684 1032.073 1036.463 1040.852 1045.333 1049.813 1054.293 1059.081 1063.87 1068.658 1074.472 1080.286 1086.099 1092.285 1098.471 1104.657 1110.372 1116.086 1121.8 1127.221 1132.642 1138.063 1143.923 1149.782 1155.642 1161.341 1167.04 1172.738 1178.3 1183.862 1189.423 1195.183 1200.944 1206.704 1212.246 1217.788 1223.33 1229.485 1235.64 1241.795 1248.474 1255.153 1261.832 1267.903 1273.973 1280.043 1285.088 1290.134 1295.179 1299.649 1304.12 1308.59 1312.136 1315.681 1319.227 1322.004 1324.781 1327.559 1330.054 1332.549 1335.045 1336.587
1024.486 1028.972 1033.682 1038.391 1043.1 1047.807 1052.514 1057.221 1061.98 1066.739 1071.498 1077.228 1082.957 1088.687 1094.753 1100.82 1106.886 1112.557 1118.229 1123.9 1129.344 1134.788 1140.232 1146.04 1151.848 1157.656 1163.412 1169.168 1174.924 1180.454 1185.984 1191.515 1197.139 1202.763 1208.387 1214.032 1219.678 1225.324 1231.591 1237.859 1244.126 1250.878 1257.629 1264.38 1270.476 1276.572 1282.669 1287.643 1292.617 1297.591 1301.966 1306.342 1310.717 1314.328 1317.94 1321.551 1324.446 1327.34 1330.234 1332.782 1335.33 1337.879 1339.594
1025.634 1030.26 1035.29 1040.319 1045.349 1050.282 1055.216 1060.15 1064.879 1069.608 1074.338 1079.983 1085.629 1091.274 1097.221 1103.168 1109.115 1114.743 1120.371 1126 1131.467 1136.934 1142.401 1148.158 1153.914 1159.67 1165.483 1171.296 1177.109 1182.608 1188.107 1193.606 1199.094 1204.582 1210.07 1215.819 1221.568 1227.318 1233.698 1240.078 1246.457 1253.281 1260.104 1266.927 1273.05 1279.172 1285.294 1290.197 1295.1 1300.004 1304.283 1308.563 1312.843 1316.521 1320.198 1323.876 1326.887 1329.898 1332.91 1335.51 1338.111 1340.712 1342.6
